4.647033343578972509e-10,6.075811351483760489e-27
-7.570170208720685586e-06,1.418719698347622928e-03
-1.249586265980666107e-04,-4.352126583395622174e-03
-2.127378285802701845e-04,6.570936517589674557e-03
-5.439025032976056023e-04,-4.486405415832400473e-04
-4.203580155668277911e-04,-3.389501955939905418e-03
-3.356460952871617785e-04,1.981357975749301720e-04
-1.537518877011227996e-04,-6.526027215214101097e-03
-4.146455950462840006e-05,-1.146627712781614523e-02
6.889599487063888741e-06,-3.945450659484699141e-03
-1.236616710841044724e-04,-9.341495907290135389e-03
-3.175791507317521892e-07,4.885708499629577185e-03
-2.517554373425512910e-05,-8.473252819150423401e-03
-3.289571659889450264e-06,1.595653662634856536e-03
-5.758109997178921024e-06,-1.390844400056039749e-03
-1.301033214602429641e-05,8.245209039901990221e-04
-6.612297940098334215e-02,5.924633283767480330e-03
-6.048387038065354548e-02,-1.132031325574105185e-02
-5.763789534444092866e-02,-9.738849017128814803e-03
-5.348892043320286477e-02,-6.625354981999196171e-05
-4.622584210965117318e-02,4.376333961981507086e-03
-4.465943682863827979e-02,1.925111819890034520e-02
-3.887830588024097228e-02,1.002107383330799392e-02
-3.475899102580693595e-02,2.243817005392372346e-02
-3.582714175439033477e-02,2.773948426469383111e-02
-3.488372435636907104e-02,1.759999436357265884e-02
-3.555332241454733921e-02,2.108950874959501093e-02
-3.505932531272345359e-02,1.180738375835403524e-02
-3.115628835007245440e-02,1.914290957151906433e-02
-3.055297485321931822e-02,3.400000563054216690e-02
-2.772830235532577556e-02,3.103649252047956802e-02
-2.583927585244310751e-02,2.649803330945808486e-02
-2.408647594437731548e-02,2.822107656733585657e-02
-2.302425779440479825e-02,2.680863849360367104e-02
-2.092357410597309869e-02,8.516809309806656209e-03
-2.137217519498637794e-02,2.469516603200202012e-02
-1.928517983730621693e-02,6.950169530999587147e-03
-1.419843917810956549e-02,1.229712295176878765e-02
-1.693924778518562588e-02,3.400000988390226853e-02
-1.288400578882002712e-02,2.935531229145593377e-02
-1.024417535203516784e-02,2.512535909220209654e-02
5.775140636574861014e-02,-1.830730247360184883e-03
-1.210578369828921308e-02,3.001407361353917655e-02
-9.518804115113455727e-03,3.845542500376643302e-03
-4.661301626697193778e-03,-1.592830999522454327e-02
-1.596924857493645317e-03,-3.355366305408622601e-02
-4.661400458826315055e-03,-2.881719446258206030e-02
-5.420257772240308532e-03,-3.400000971339071920e-02
1.754690321575664690e-05,-8.936967683558831588e-03
-5.721677593274356174e-04,-2.699843676032005757e-02
7.596811455294793158e-04,-2.577938957923079505e-02
-2.966882739197636374e-04,-1.948080480884731291e-02
5.000000094408297846e-01,-3.325031144213258516e-02
-5.000000074107707748e-01,-3.550922837546408722e-02
-3.342841581687671093e-01,-3.400000999946293373e-02
5.542234940478535377e-03,-3.281983739181029702e-02
6.184139699161431830e-03,-3.227042555433459747e-02
1.206876547355262459e-02,-3.128002631264675121e-02
5.000000093694028092e-01,-3.243126621727757813e-02
5.000000015457883862e-01,-3.439233690085013312e-02
-8.180693737635719165e-02,-3.400000999748009622e-02
-1.885630693085062204e-01,-3.400000999892558579e-02
-1.303718266172710499e-02,-3.400000998190310514e-02
3.386263990833775304e-03,-3.254849810013597106e-02
3.055115425210373596e-03,3.086381667533098436e-02
3.920000229319752297e-03,-3.919531721064920850e-03
3.710789413369610604e-03,-2.715444025320522259e-02
3.721903237399164059e-03,-2.295691210338313831e-02
3.676169430169218353e-03,-2.892739300641147815e-02
3.591061876291121689e-03,-2.086928030011508950e-02
3.344603159814218095e-03,-2.308457176210212958e-02
3.142987417365837068e-03,-1.806061508367063848e-02
2.694633865394445004e-03,-1.029176398749002616e-02
2.016850976004536024e-03,-2.170723527275745385e-02
1.946506429881132618e-03,-1.869865924831687343e-02
1.526329785262209521e-03,-1.229640222620519315e-02
7.502885314514709351e-04,-8.286371330348193953e-03
-1.640227528710719318e-04,-1.229825573169432244e-02
-1.120355420860560556e-03,-1.575388470208986466e-02
-1.602718028971995747e-03,-5.405260376806121300e-03
-1.835165247988695915e-03,-5.177677386413621907e-04
-1.108028807351002726e-03,2.125983035162502376e-03
-1.846682269352547092e-03,6.517346759549514680e-03
-2.700988215542039165e-03,1.277280149715439477e-03
-3.619938681625671333e-03,2.260610493663447497e-03
-1.734310120307229431e-03,-1.233195261247843101e-03
-1.832481488017068333e-03,9.448649539714484846e-03
-1.746244952681374422e-03,1.043445364212219721e-02
-1.822700311334904053e-03,4.293890460008389746e-03
-2.468699585093368266e-03,9.634384613242910622e-03
-2.087401216280898152e-03,-1.922251740258058611e-04
-1.638994726260186927e-03,8.100463449816772826e-03
-2.212853577211864112e-03,9.077927761009345342e-03
-2.179546526877813167e-03,4.749740557453991513e-03
-1.671835464446778767e-03,1.706408377532124239e-03
-1.575404604480408954e-03,1.240333578740694317e-02
-1.634564557738806987e-03,1.060368449010230980e-02
-1.386792660444527165e-03,4.701939739707685327e-03
-1.020544716948254202e-03,9.529873971070263600e-03
-1.866438237411045895e-03,1.449699686750538508e-02
-2.539659656594322416e-03,6.374171231391191454e-03
-2.860349510657507043e-03,3.855104613988335691e-03
-2.877300719894397736e-03,5.414684081022340216e-03
-2.563277545920190220e-03,7.949469976125845758e-03
-3.372017644907467429e-03,1.433200209251758728e-02
-3.352632065829615551e-03,5.308131564378872416e-03
-3.559535944244599567e-03,9.489468379795329769e-03
-3.751628545836687822e-03,1.117839335343828212e-02
-2.519762616364099126e-03,1.599497422636151148e-02
-2.158323291270311875e-03,1.868300036793276234e-02
-2.489767891285083867e-03,1.207134733497247821e-02
-2.937830505053445028e-03,2.019224542846617676e-02
-1.526308392065291565e-03,1.097659253844588886e-02
-1.601241576516469756e-03,1.811652091863930059e-02
-1.805885676147900385e-03,1.285940922808535662e-02
-1.728752631336046659e-03,8.341584800369805999e-03
-8.652685244473290807e-04,1.156705087262185037e-02
-7.257637779615768153e-04,1.522454294773130032e-02
2.537799986307676827e-05,1.270816714953575295e-02
8.760243924481177994e-05,1.564980017251464336e-02
-7.337487394426212516e-05,1.656380052937438813e-02
3.141192559859760610e-05,9.886423246761779499e-03
1.090775135006245215e-04,6.554462567648590941e-03
1.670300725221952041e-04,4.464904713442308277e-03
1.292205064862728299e-04,9.621700591504774372e-03
1.367732185865413639e-04,4.904576818809362228e-03
9.715191376833956429e-05,2.239159578166428043e-03
-2.560160310793714133e-04,1.082867890530562647e-03
-4.180965598327099375e-04,-1.265606753652236604e-03
-2.442683775078393195e-05,2.713854500493131233e-03
-6.892305727131260143e-05,1.303841020647191276e-02
-3.995342336689543711e-05,9.694822968486832906e-03
1.281121269103754608e-04,2.014229991158119314e-03
5.721483095416854945e-05,8.824634245967731896e-03
6.821157982338621852e-05,1.129822131578750097e-02
2.658092201435017986e-05,2.698974291132414868e-03
-6.086955577789803781e-05,3.272982885950224876e-03
8.682402390629798291e-05,5.553159413881516085e-03
6.506501094657104350e-05,-3.052257428098956518e-03
4.659369525971472875e-05,-5.184144364609312265e-03
6.493209213845972509e-05,-5.312306327326876687e-03
4.136297778573035458e-05,9.030536691301438434e-03
-1.828856314100882037e-04,-1.526271098109936025e-03
-9.508989337026599905e-05,1.034177483341858737e-02
-1.970908929588702701e-05,-2.158262798819938783e-03
2.636918528462037738e-05,-1.784056091777345933e-03
-2.412209537937620810e-05,-8.522596907062519184e-03
-6.957477552160644136e-05,3.192778855880878605e-03
-2.005580044165868742e-04,6.753815889660916803e-03
-6.216931489199153114e-05,9.201845789877224555e-04
-2.659718668969467836e-05,1.964639941385635039e-03
-9.721465135583421324e-05,-2.284270427581430903e-03
-3.161926155874629735e-04,2.965014720438047518e-03
-3.304739249885786981e-04,-1.739416670018828536e-03
-4.262491657752945514e-04,-1.547345820241920493e-03
-1.898126336202903008e-04,2.351171328376874727e-03
-3.804843753741940743e-04,-6.602733694268477296e-03
-5.706922445434892219e-04,-3.019903001166709955e-03
-2.807461475983182367e-04,-4.758863548014258434e-03
-4.516349759378816896e-04,-7.329102959108248216e-03
-2.939541198172680031e-04,-7.156523644918839390e-03
-6.485438031216980660e-04,-1.053461348506699695e-02
-2.754816813368112980e-04,1.762149766664756817e-03
-3.410569181373237732e-04,-9.263038354676069244e-03
-7.043984290347855230e-04,-6.947928330252175350e-03
-9.669785541096033183e-04,-3.700810311782611571e-03
-1.108789442529189940e-03,3.013690902207065859e-03
-8.445543624789461287e-04,-5.454039829552088416e-03
-6.009430016120825878e-04,-1.030656554299671547e-02
-1.482903501652018524e-04,-2.083723274487075429e-03
-3.139366769163914948e-05,-1.137865289515515091e-02
-1.121249516697212846e-04,-1.366410828182185698e-02
-1.550186089655168327e-04,-8.741843141116095381e-03
-8.228330313258637246e-05,-1.765307300911022909e-03
1.652597861010215213e-05,-3.935508748582700923e-03
1.944565948713367632e-05,-5.592313617643215884e-03
-4.527263462276079868e-05,-5.904233662338209503e-03
-8.936175944752968489e-05,5.703318462911576882e-04
-5.391216892813562121e-05,4.836704940348769276e-04
-1.230326771621618886e-05,-1.235882587024645903e-03
1.781341470717106643e-05,-3.352028921668777275e-03
-1.450175384385521784e-04,-7.336190784258889847e-03
-2.710977396579891912e-04,5.338703742952992728e-04
-2.931969208211217888e-04,-3.245676932238427802e-03
-1.574129667405639880e-04,1.701362405241230863e-03
-1.362165673161622398e-04,-2.801144430197274708e-03
-2.845024292493546561e-04,-1.003838459237713782e-02
-1.466697587099491840e-04,-2.171092644829744622e-03
-3.294712607797942064e-04,-7.106364903141941004e-03
-2.014230596231647488e-05,-7.108789568064023028e-04
8.223651375981551984e-06,-3.974069898492822890e-03
-2.982714147891606105e-04,-8.293497508795355175e-03
-6.589554515572273422e-05,2.397306974844985207e-03
-3.382796758644700534e-04,-6.702004837369615609e-03
-3.532403026316885885e-05,8.868549041628662200e-03
-4.986696751716456351e-05,-7.829294794336704583e-03
-2.365402466294817927e-04,-9.647389249216689958e-03
-1.237606706366906246e-05,1.306498347815833547e-03
3.652987362830761728e-05,-4.002704800253285670e-03
5.564408426322823550e-05,-4.662328404615410926e-03
