1.389000000000000057e+01,0.000000000000000000e+00,0.000000000000000000e+00,0.000000000000000000e+00,1.000000000000000000e+00,0.000000000000000000e+00,4.647033343578972509e-10,6.075811351483760489e-27
1.389410671668450981e+01,7.530358888580419548e-04,2.923077259039215912e-03,1.853155210372190798e-03,1.692751049753422166e+00,-5.402511914879932695e-03,-7.570170208720685586e-06,1.418719698347622928e-03
1.389453583802270131e+01,-1.007440891682514876e-02,-7.091925603647582232e-03,6.200349456884614308e-03,2.387589374710339385e+00,-9.564956552785015137e-04,-1.249586265980666107e-04,-4.352126583395622174e-03
1.389268700590580963e+01,-1.997448482726002159e-03,1.305454957670167462e-02,8.891005749880826273e-03,3.081102547446424200e+00,7.616800762619457994e-04,-2.127378285802701845e-04,6.570936517589674557e-03
1.389489925741579235e+01,-3.818806991816290491e-02,-4.359644713989320117e-03,1.471431669414779118e-02,3.773932252809108601e+00,8.542905635495819106e-03,-5.439025032976056023e-04,-4.486405415832400473e-04
1.389759790221506996e+01,-4.837524802141004998e-02,-1.181170234324255275e-02,1.309577971639630002e-02,4.475536219585809050e+00,1.522966174343949423e-02,-4.203580155668277911e-04,-3.389501955939905418e-03
1.389486447286729565e+01,-5.739386415127969987e-02,-8.205051210081578533e-03,1.308123267804912372e-02,5.168775321755689767e+00,1.907802300245402607e-02,-3.356460952871617785e-04,1.981357975749301720e-04
1.389267158055904261e+01,-8.037432354654557021e-02,-2.513818734203782101e-02,1.017706356554222771e-02,5.864519098930321306e+00,2.545180533772448475e-02,-1.537518877011227996e-04,-6.526027215214101097e-03
1.389263896846215474e+01,-7.209158609297958153e-02,-3.293815659403586532e-02,4.824296080650616013e-03,6.557065022982579983e+00,2.221768385707197785e-02,-4.146455950462840006e-05,-1.146627712781614523e-02
1.389363506102395363e+01,-4.204553498308167409e-02,-1.491537522357083180e-02,1.934867794670427389e-03,7.250168380483894559e+00,2.319324491680571296e-02,6.889599487063888741e-06,-3.945450659484699141e-03
1.389373509766311088e+01,-3.398555783509075306e-02,-2.024252085894383268e-02,5.748279325008962687e-03,7.941474064939934685e+00,1.981500697103766653e-02,-1.236616710841044724e-04,-9.341495907290135389e-03
1.389641843088684503e+01,-4.819357233916469335e-03,7.463132168692905057e-03,1.062093489614147901e-03,8.636822831832105862e+00,1.919522793440827865e-02,-3.175791507317521892e-07,4.885708499629577185e-03
1.390158711236787958e+01,-2.857567390078989689e-02,-1.903404582608810014e-02,1.877167799249896416e-03,9.330412163392937330e+00,1.708512077542058416e-02,-2.517554373425512910e-05,-8.473252819150423401e-03
1.390578106282758775e+01,-2.355309230804486509e-03,2.710907791563247054e-03,8.979917194788780612e-04,1.002990957420127138e+01,1.573637050336676446e-02,-3.289571659889450264e-06,1.595653662634856536e-03
1.390402243655088732e+01,-3.492640086880922576e-03,-2.391174011987746983e-03,1.027998043045702439e-03,1.072680188528720890e+01,9.711161237281407468e-03,-5.758109997178921024e-06,-1.390844400056039749e-03
1.390783162707498732e+01,4.981584837228533735e-03,3.254376121530285632e-03,1.630531316014500326e-03,1.142087291883757771e+01,6.706791283131298062e-03,-1.301033214602429641e-05,8.245209039901990221e-04
1.390793298015726265e+01,-9.031562203778511783e-04,3.612521059770334563e-03,3.282129468349044826e-03,1.211424324540722175e+01,8.161189296825950221e-03,-6.612297940098334215e-02,5.924633283767480330e-03
1.389430444830711586e+01,-1.388630928510421747e-02,-3.247849261368321999e-02,5.731624236009974852e-03,1.280879723858772756e+01,9.241849276477460615e-03,-6.048387038065354548e-02,-1.132031325574105185e-02
1.388368550548096358e+01,4.315164389076617257e-02,-2.153430377359377354e-02,3.134086941189568459e-03,1.350422933505788059e+01,1.583154940723645321e-02,-5.763789534444092866e-02,-9.738849017128814803e-03
1.387181980372370305e+01,1.205211218373472559e-01,8.698673585656405832e-03,1.840236811908684249e-03,1.419922974169018026e+01,1.782523063140481825e-02,-5.348892043320286477e-02,-6.625354981999196171e-05
1.386160327405948500e+01,1.766434288938796560e-01,2.950016039113437932e-02,5.733319265061188885e-03,1.489504164557983934e+01,3.013027133877761027e-02,-4.622584210965117318e-02,4.376333961981507086e-03
1.385748690349548795e+01,2.278735490316314838e-01,6.168460647739598679e-02,2.731565302623795849e-03,1.558932812248186650e+01,4.049199266789588192e-02,-4.465943682863827979e-02,1.925111819890034520e-02
1.384772110764710362e+01,2.313193057559473076e-01,4.890141806086768794e-02,6.814112509206994052e-03,1.628373622884893379e+01,5.169587774158974219e-02,-3.887830588024097228e-02,1.002107383330799392e-02
1.383277153741317100e+01,2.730238880613528041e-01,7.911872783192100411e-02,9.235326263678265285e-03,1.697599527116589613e+01,7.381855559318041549e-02,-3.475899102580693595e-02,2.243817005392372346e-02
1.382552903677531120e+01,2.694932289322490848e-01,8.535910271781450842e-02,1.064495581439340623e-02,1.766898859324547644e+01,9.684527029963162226e-02,-3.582714175439033477e-02,2.773948426469383111e-02
1.382128073243411848e+01,2.460144703138356925e-01,6.361828339340423744e-02,1.366478726049875046e-02,1.835998626887746710e+01,1.172636047828243405e-01,-3.488372435636907104e-02,1.759999436357265884e-02
1.381327184033949962e+01,2.608702989538878025e-01,7.081886282106457375e-02,1.419785837663626107e-02,1.905867915141206126e+01,1.396510438366860840e-01,-3.555332241454733921e-02,2.108950874959501093e-02
1.380334959369455028e+01,2.683849859623927969e-01,5.646275277908652940e-02,1.451108835586015049e-02,1.975000391330768679e+01,1.630718605248807629e-01,-3.505932531272345359e-02,1.180738375835403524e-02
1.379485368335076778e+01,3.157366985408102678e-01,8.157832931888708838e-02,2.046426594659164419e-02,2.044287745545886636e+01,1.859221200500269233e-01,-3.115628835007245440e-02,1.914290957151906433e-02
1.378865168309260092e+01,3.433336054623115086e-01,1.125229920412379042e-01,2.402146931167927976e-02,2.113268894963776745e+01,2.135392903774763484e-01,-3.055297485321931822e-02,3.400000563054216690e-02
1.378419010420337720e+01,3.099616463965837454e-01,1.031417548971336196e-01,3.117807127542226997e-02,2.182608888135941783e+01,2.478993996482959650e-01,-2.772830235532577556e-02,3.103649252047956802e-02
1.377849414338691858e+01,2.804427941947721936e-01,9.060304470310143188e-02,3.518132113179475717e-02,2.251462483960868965e+01,2.855873646123985865e-01,-2.583927585244310751e-02,2.649803330945808486e-02
1.377251073051195007e+01,2.587261580944597017e-01,8.998476771311544886e-02,3.938987564958300325e-02,2.320140647514353560e+01,3.242302721306057345e-01,-2.408647594437731548e-02,2.822107656733585657e-02
1.377136733720053208e+01,2.209823732656513440e-01,7.822157420019081042e-02,4.085456673693931007e-02,2.388706179931437390e+01,3.668397182859602368e-01,-2.302425779440479825e-02,2.680863849360367104e-02
1.377140892246877257e+01,1.834815014400596744e-01,4.213240592402416745e-02,4.354075406040223972e-02,2.457445988199937759e+01,4.036112891144055248e-01,-2.092357410597309869e-02,8.516809309806656209e-03
1.376821313521896251e+01,2.144128466728621452e-01,6.962037920210921438e-02,4.111212246533497983e-02,2.526125062949714817e+01,4.435035514588567818e-01,-2.137217519498637794e-02,2.469516603200202012e-02
1.376515403385356962e+01,1.892802333923134794e-01,3.613746084683441134e-02,4.202788764119229359e-02,2.595085297872126517e+01,4.836742121946262518e-01,-1.928517983730621693e-02,6.950169530999587147e-03
1.375941294845204688e+01,2.289135591053103325e-01,6.419975766931129701e-02,4.810973289373621925e-02,2.663987472597278838e+01,5.266144794139537844e-01,-1.419843917810956549e-02,1.229712295176878765e-02
1.375295759801833562e+01,2.455224367645264805e-01,1.058498141629373585e-01,4.989677362271144334e-02,2.732549141972765838e+01,5.706674604936542439e-01,-1.693924778518562588e-02,3.400000988390226853e-02
1.374889487848543546e+01,1.712872312994223045e-01,8.953880351625026490e-02,5.798418370470189570e-02,2.800889682317806972e+01,6.138204578803074796e-01,-1.288400578882002712e-02,2.935531229145593377e-02
1.374670645414426318e+01,8.378131591979920412e-02,6.553732975365855751e-02,5.868139601820916706e-02,2.869337765609035529e+01,6.661165309205939744e-01,-1.024417535203516784e-02,2.512535909220209654e-02
1.375044848854173907e+01,-9.373357275187239879e-03,1.686463357586526560e-02,6.693233458061338681e-02,2.938153239379179382e+01,7.032925527217542827e-01,5.775140636574861014e-02,-1.830730247360184883e-03
1.375792384174690319e+01,-3.731158337808664766e-02,6.502423849079026763e-02,7.021521295870392088e-02,3.006840513801202874e+01,7.514007420231088030e-01,-1.210578369828921308e-02,3.001407361353917655e-02
1.375801689211851020e+01,-2.106960856337705412e-01,-1.515374332252877876e-02,7.268819074892540755e-02,3.075477956578853522e+01,7.940891150979710877e-01,-9.518804115113455727e-03,3.845542500376643302e-03
1.375265575843727639e+01,-3.108631522004950409e-01,-7.289579522886949214e-02,6.770652546113389847e-02,3.143822889852005886e+01,8.295937176373706645e-01,-4.661301626697193778e-03,-1.592830999522454327e-02
1.375157676386379002e+01,-3.508901244465452152e-01,-1.124706007798271928e-01,6.155436318830050102e-02,3.212558717419231158e+01,8.594141604529627054e-01,-1.596924857493645317e-03,-3.355366305408622601e-02
1.374915921804466379e+01,-3.152912166806412508e-01,-9.743781209201217430e-02,6.288335365841514479e-02,3.281168828802130122e+01,8.774458450007062149e-01,-4.661400458826315055e-03,-2.881719446258206030e-02
1.374589579190329403e+01,-2.972005830394982562e-01,-9.619926722533901631e-02,6.075929187567944562e-02,3.349450447281280674e+01,9.019981028032671988e-01,-5.420257772240308532e-03,-3.400000971339071920e-02
1.374700051649504751e+01,-2.672176334114609308e-01,-4.907448072548242085e-02,5.596008028634694154e-02,3.418074962892520574e+01,9.256493667261165292e-01,1.754690321575664690e-05,-8.936967683558831588e-03
1.374665846512028722e+01,-3.299193451156198775e-01,-8.973686716032210076e-02,5.684236854503931652e-02,3.486529043935212258e+01,9.440053950247885295e-01,-5.721677593274356174e-04,-2.699843676032005757e-02
1.374397008799043363e+01,-3.352806343949087386e-01,-8.830694982094224044e-02,5.343517153704726436e-02,3.555118172690153244e+01,9.731076829369519343e-01,7.596811455294793158e-04,-2.577938957923079505e-02
1.374418144431111344e+01,-3.542207533379359008e-01,-8.234848911848939579e-02,5.496684758705615986e-02,3.623706870492446086e+01,9.958895671911301983e-01,-2.966882739197636374e-04,-1.948080480884731291e-02
1.374593766395597427e+01,-4.031891439258272758e-01,-1.140250877636746207e-01,4.427981587358325449e-02,3.692434049432144860e+01,1.009852128919664693e+00,5.000000094408297846e-01,-3.325031144213258516e-02
1.386322222623917533e+01,-4.084273215268793278e-01,-1.225860314455110983e-01,4.062254909538999537e-02,3.761524180426786756e+01,1.019987341541160442e+00,-5.000000074107707748e-01,-3.550922837546408722e-02
1.375238903570478577e+01,-3.946786213799923781e-01,-1.174707018536565589e-01,4.123989076944153953e-02,3.830404932372741911e+01,1.029687530397179307e+00,-3.342841581687671093e-01,-3.400000999946293373e-02
1.367938323795852362e+01,-3.842966204190982893e-01,-1.118154939935940423e-01,3.525224585366371066e-02,3.898165439510288621e+01,1.035087494034513611e+00,5.542234940478535377e-03,-3.281983739181029702e-02
1.367822898746006643e+01,-3.759465305071609809e-01,-1.102438587374153789e-01,2.950762807520324743e-02,3.966849783465583101e+01,1.040845231510402646e+00,6.184139699161431830e-03,-3.227042555433459747e-02
1.368455416352997922e+01,-3.730076991075519932e-01,-1.097971037016693824e-01,2.094809295067289606e-02,4.035185680467660774e+01,1.037667349170969811e+00,1.206876547355262459e-02,-3.128002631264675121e-02
1.369190004087256973e+01,-3.716553530301633934e-01,-1.115952041291490282e-01,1.259903505792554432e-02,4.104205735617287587e+01,1.030948623885931781e+00,5.000000093694028092e-01,-3.243126621727757813e-02
1.380302271969194017e+01,-3.610703861122477876e-01,-1.176260059505405270e-01,9.007869979326035142e-03,4.173293620490639455e+01,1.012594275521598419e+00,5.000000015457883862e-01,-3.439233690085013312e-02
1.392442291783490127e+01,-3.279844048150885039e-01,-1.160608031237940485e-01,5.415488927153683241e-03,4.242338523210683121e+01,9.972299996903142283e-01,-8.180693737635719165e-02,-3.400000999748009622e-02
1.390005059136126420e+01,-2.856322123276333058e-01,-1.151292266489075539e-01,4.943962464240590944e-03,4.312175702198547356e+01,9.797382325174150974e-01,-1.885630693085062204e-01,-3.400000999892558579e-02
1.385746180833385388e+01,-2.090644801606978131e-01,-9.919631670839260118e-02,2.825074358512123535e-03,4.382446719233305998e+01,9.697333285428784144e-01,-1.303718266172710499e-02,-3.400000998190310514e-02
1.385532596207295519e+01,-1.199877511318741263e-01,-5.705145871770225807e-02,-1.098508093352534853e-02,4.451880524966680497e+01,9.617422768507617459e-01,3.386263990833775304e-03,-3.254849810013597106e-02
1.385849076010642555e+01,-5.051052382169074484e-02,6.009501011227344480e-02,-7.346327949697741173e-03,4.521249312289853606e+01,9.432566284501919807e-01,3.055115425210373596e-03,3.086381667533098436e-02
1.386187606560183738e+01,-2.241807479659186364e-01,-3.708556054288836279e-02,-9.069842638243770169e-03,4.590851615489223292e+01,9.288703285141121091e-01,3.920000229319752297e-03,-3.919531721064920850e-03
1.386637558145337756e+01,-2.893885806035684793e-01,-8.973768346066908486e-02,-9.294705930472260333e-03,4.660225999778930372e+01,9.127769305041653070e-01,3.710789413369610604e-03,-2.715444025320522259e-02
1.386289915269850326e+01,-2.715144106166350602e-01,-8.013731481649656596e-02,-1.117642319272147897e-02,4.729738457927286532e+01,8.909378474390948766e-01,3.721903237399164059e-03,-2.295691210338313831e-02
1.386792576410259592e+01,-2.637754410547817341e-01,-9.064483498431105679e-02,-1.747575264786442595e-02,4.799044581288111289e+01,8.648411005746547975e-01,3.676169430169218353e-03,-2.892739300641147815e-02
1.387035780984706079e+01,-2.277049813068330320e-01,-7.107598454404986943e-02,-2.041979632484433940e-02,4.868653421963457362e+01,8.404421749196829827e-01,3.591061876291121689e-03,-2.086928030011508950e-02
1.387651035328492277e+01,-2.160953662062224945e-01,-7.271064327986587195e-02,-2.103577812821333035e-02,4.937926567193868976e+01,8.154865071425289047e-01,3.344603159814218095e-03,-2.308457176210212958e-02
1.387946189707097489e+01,-1.873047514484260656e-01,-5.872943583915022497e-02,-2.100006203351059350e-02,5.006924607780231895e+01,7.863611811915364180e-01,3.142987417365837068e-03,-1.806061508367063848e-02
1.387411212069999067e+01,-1.741708779598106771e-01,-4.749203098041176324e-02,-3.122074301989942458e-02,5.076393701829297100e+01,7.677663794362937777e-01,2.694633865394445004e-03,-1.029176398749002616e-02
1.387713739623963249e+01,-1.844813062165917839e-01,-7.012822157429079994e-02,-3.503151045876885111e-02,5.145360714565794780e+01,7.372197140793088632e-01,2.016850976004536024e-03,-2.170723527275745385e-02
1.387635509740512418e+01,-1.493094932057653923e-01,-5.733053461347402402e-02,-3.296634606221968133e-02,5.214669759980144192e+01,6.989818483585024111e-01,1.946506429881132618e-03,-1.869865924831687343e-02
1.387723169482837626e+01,-1.132047295758549788e-01,-4.044758452894919865e-02,-3.558782711358954992e-02,5.284319668950865179e+01,6.671248431298381076e-01,1.526329785262209521e-03,-1.229640222620519315e-02
1.387499606117488682e+01,-9.920552604054028167e-02,-3.309602178540277384e-02,-3.923343777322271103e-02,5.353680607023314053e+01,6.303358717194808003e-01,7.502885314514709351e-04,-8.286371330348193953e-03
1.387547950212673520e+01,-9.769390712150892442e-02,-4.139766650142844701e-02,-4.350584677124700456e-02,5.422849488810027907e+01,6.002332022831508018e-01,-1.640227528710719318e-04,-1.229825573169432244e-02
1.387972464090702296e+01,-6.013351416615196621e-02,-4.081528928020725089e-02,-4.862913794187700284e-02,5.492313507916321669e+01,5.603285475561059492e-01,-1.120355420860560556e-03,-1.575388470208986466e-02
1.387848595441732868e+01,-5.734779098871637185e-03,-1.330114656942061463e-02,-5.064092146549086654e-02,5.561501969570081627e+01,5.222741756511727340e-01,-1.602718028971995747e-03,-5.405260376806121300e-03
1.388107429296319140e+01,2.393601281452032922e-02,4.818889910848489326e-04,-5.075528146059962026e-02,5.631184341457239384e+01,4.881073534299056327e-01,-1.835165247988695915e-03,-5.177677386413621907e-04
1.388271677001259619e+01,4.059563433325961285e-02,9.561766057678111608e-03,-4.530604951360242549e-02,5.701046498381332839e+01,4.528360985383116377e-01,-1.108028807351002726e-03,2.125983035162502376e-03
1.388180117926424550e+01,5.199441051474174014e-02,1.763583600306442220e-02,-4.742199690933050077e-02,5.770567731434073266e+01,4.232061343122426877e-01,-1.846682269352547092e-03,6.517346759549514680e-03
1.388790970615542264e+01,4.113042582452781926e-02,5.120773093773813706e-03,-5.028489521927573258e-02,5.840011375910506786e+01,3.998478519287954613e-01,-2.700988215542039165e-03,1.277280149715439477e-03
1.388966194202862781e+01,5.163931190001795624e-02,7.360834804451130836e-03,-5.317403009946980452e-02,5.909465944444081487e+01,3.711712681050440832e-01,-3.619938681625671333e-03,2.260610493663447497e-03
1.388893503776725069e+01,6.848457757229643728e-02,8.153333515766034503e-03,-4.421965698189362498e-02,5.979662471356099473e+01,3.398031383407503769e-01,-1.734310120307229431e-03,-1.233195261247843101e-03
1.388914921103357258e+01,9.708413542201280166e-02,3.140383535590739184e-02,-4.318980040688506078e-02,6.048841149003023077e+01,3.119263773822434915e-01,-1.832481488017068333e-03,9.448649539714484846e-03
1.388715519534884812e+01,8.691406029779170928e-02,3.083066233676093337e-02,-4.034852525199086187e-02,6.118792798922195431e+01,2.862895199961635884e-01,-1.746244952681374422e-03,1.043445364212219721e-02
1.388466181222635498e+01,7.231997871566979430e-02,1.727564400818300608e-02,-3.952934209145932826e-02,6.188250263687657338e+01,2.614721173303369839e-01,-1.822700311334904053e-03,4.293890460008389746e-03
1.387992024567500948e+01,7.186315711316028365e-02,2.448648114368701459e-02,-4.095540381671742419e-02,6.257974289401058599e+01,2.396105282642014556e-01,-2.468699585093368266e-03,9.634384613242910622e-03
1.388096800543389264e+01,6.518449486399265080e-02,7.469165431898629540e-03,-3.882653749843711921e-02,6.327151767490871492e+01,2.150202307518852829e-01,-2.087401216280898152e-03,-1.922251740258058611e-04
1.388337060926374456e+01,9.113756783062362810e-02,2.729786068669725133e-02,-3.508923596661895489e-02,6.396914519865433846e+01,1.881075540409985480e-01,-1.638994726260186927e-03,8.100463449816772826e-03
1.388462789727830504e+01,8.945156506670572105e-02,2.706906240655992946e-02,-3.682870360724561226e-02,6.465962980645095115e+01,1.608772515609716292e-01,-2.212853577211864112e-03,9.077927761009345342e-03
1.388591896166910367e+01,8.316942258247357611e-02,1.848885145825036533e-02,-3.606600816595846581e-02,6.534991519590735720e+01,1.418777353111012884e-01,-2.179546526877813167e-03,4.749740557453991513e-03
1.388972333923821800e+01,9.709433708817594155e-02,1.736553600022466143e-02,-3.376458502894431196e-02,6.603699906362065519e+01,1.256443399444293896e-01,-1.671835464446778767e-03,1.706408377532124239e-03
1.388834451316881768e+01,1.237240101395585268e-01,4.069246554030155755e-02,-3.217875792753108893e-02,6.672751575849690653e+01,1.094687920288267835e-01,-1.575404604480408954e-03,1.240333578740694317e-02
1.388450370654801347e+01,1.084335078575065781e-01,3.410923444770088547e-02,-3.097451114407325651e-02,6.742348869454266946e+01,9.031813297648226546e-02,-1.634564557738806987e-03,1.060368449010230980e-02
1.388458230645649571e+01,1.070988100970587803e-01,2.454913212289540000e-02,-2.975870917601499896e-02,6.811614819039060365e+01,7.709875362199443416e-02,-1.386792660444527165e-03,4.701939739707685327e-03
1.388680374050851363e+01,1.221188224984076642e-01,3.652208066019481392e-02,-2.656451856920050494e-02,6.880896191832837872e+01,6.461899781207497417e-02,-1.020544716948254202e-03,9.529873971070263600e-03
1.388396638214988066e+01,1.155449622750546051e-01,4.109639350853104556e-02,-3.064303002823153335e-02,6.950498180846257412e+01,5.552662724087262247e-02,-1.866438237411045895e-03,1.449699686750538508e-02
1.388238168058227551e+01,8.664712214897184184e-02,1.988063001849473335e-02,-3.327261221837436722e-02,7.019271034918016028e+01,3.389647430451317445e-02,-2.539659656594322416e-03,6.374171231391191454e-03
1.388242348449437991e+01,9.253647499640782481e-02,1.621976043090905817e-02,-3.506778060081356535e-02,7.088489863513775902e+01,1.734112953822280687e-02,-2.860349510657507043e-03,3.855104613988335691e-03
1.387811476550375112e+01,1.115552128730251114e-01,2.252956128695568841e-02,-3.523692828125513793e-02,7.157982159854813631e+01,-5.265803952450767017e-03,-2.877300719894397736e-03,5.414684081022340216e-03
1.387448782796862901e+01,1.293086311942489852e-01,3.085918950831056939e-02,-3.375509936518522602e-02,7.227076217648810541e+01,-2.049681059105769657e-02,-2.563277545920190220e-03,7.949469976125845758e-03
1.387466318179127178e+01,1.395233475261803135e-01,4.183960623837312820e-02,-3.663899556892290243e-02,7.296210451008342091e+01,-3.864065267427375244e-02,-3.372017644907467429e-03,1.433200209251758728e-02
1.387070283539617677e+01,1.299252103103207268e-01,2.476304331702374600e-02,-3.686330015925253639e-02,7.365272610999770109e+01,-5.631616151244225182e-02,-3.352632065829615551e-03,5.308131564378872416e-03
1.387364224117740363e+01,1.552911959586756319e-01,3.650417853161577048e-02,-3.820314985336061009e-02,7.434176145628025267e+01,-7.133391886316547970e-02,-3.559535944244599567e-03,9.489468379795329769e-03
1.387275027600146338e+01,1.733608734752677960e-01,4.261360665836581851e-02,-3.939527606010074373e-02,7.504007307465154497e+01,-8.715454780154062442e-02,-3.751628545836687822e-03,1.117839335343828212e-02
1.386872451367191950e+01,1.927509712333423664e-01,5.653284801582204866e-02,-3.338401679529501287e-02,7.573379894382169653e+01,-1.019812034846397653e-01,-2.519762616364099126e-03,1.599497422636151148e-02
1.386916674356916168e+01,1.882053151745441966e-01,6.046457953561784615e-02,-2.999202610121833382e-02,7.642748380427141797e+01,-1.170615984099120793e-01,-2.158323291270311875e-03,1.868300036793276234e-02
1.387291568174350687e+01,1.745249279661496289e-01,4.582946825822561271e-02,-3.187728357858331946e-02,7.712308447752550933e+01,-1.274796759758146936e-01,-2.489767891285083867e-03,1.207134733497247821e-02
1.387047246076397400e+01,1.858413526755052503e-01,6.053579627051197676e-02,-3.275651172037367248e-02,7.781819606915436793e+01,-1.450128772732482141e-01,-2.937830505053445028e-03,2.019224542846617676e-02
1.387281213922046774e+01,1.625634313574055578e-01,4.290440956216537427e-02,-2.459769903577781885e-02,7.851355235867615079e+01,-1.605968288610408745e-01,-1.526308392065291565e-03,1.097659253844588886e-02
1.387201901183025932e+01,1.678539984544090702e-01,5.552700720490359731e-02,-2.375159397003480041e-02,7.919941063929127267e+01,-1.674790654444577032e-01,-1.601241576516469756e-03,1.811652091863930059e-02
1.387459087391443369e+01,1.460601703106835514e-01,4.153225056860890968e-02,-2.435918111968101915e-02,7.989164993042142271e+01,-1.783815411313284249e-01,-1.805885676147900385e-03,1.285940922808535662e-02
1.386849293815785877e+01,1.456815403941884024e-01,3.408117804389390604e-02,-2.455200861154768419e-02,8.058290016048161419e+01,-1.847825897911425930e-01,-1.728752631336046659e-03,8.341584800369805999e-03
1.386583388412129558e+01,1.619505805328466663e-01,4.489681863043817195e-02,-1.885691827065393011e-02,8.127671186064108610e+01,-1.902402463884727557e-01,-8.652685244473290807e-04,1.156705087262185037e-02
1.386658589286177623e+01,1.640819299033701717e-01,5.174244868348115700e-02,-1.686814706839506392e-02,8.197283175883556794e+01,-1.947924522979636308e-01,-7.257637779615768153e-04,1.522454294773130032e-02
1.386781604244099952e+01,1.537203845529325763e-01,4.852363925465798949e-02,-7.980911825899208653e-03,8.266398818798209902e+01,-1.919060422274809219e-01,2.537799986307676827e-05,1.270816714953575295e-02
1.386960389659320469e+01,1.456948282101490355e-01,5.241345669558140907e-02,-4.741600493654380723e-03,8.336341913169560769e+01,-1.910435168827226415e-01,8.760243924481177994e-05,1.564980017251464336e-02
1.386960916987745129e+01,1.181203351622220898e-01,4.725852359497006994e-02,-5.476110270413399317e-03,8.406233618149524034e+01,-1.825412495576290706e-01,-7.337487394426212516e-05,1.656380052937438813e-02
1.387495935474442277e+01,8.497154848351433365e-02,2.990156195388888813e-02,-2.792860261807669602e-03,8.475189097928911508e+01,-1.783765236404228627e-01,3.141192559859760610e-05,9.886423246761779499e-03
1.387788753760745664e+01,6.973409046693673785e-02,2.183173602818242257e-02,-3.541110181940285845e-04,8.545075131031111937e+01,-1.801701783994870132e-01,1.090775135006245215e-04,6.554462567648590941e-03
1.387656593294108909e+01,6.222566828905359143e-02,1.811709893031517374e-02,3.367822674384278805e-03,8.614280797660825328e+01,-1.782811449313281282e-01,1.670300725221952041e-04,4.464904713442308277e-03
1.386979430053285967e+01,5.901617506233154675e-02,2.661183918895401040e-02,6.312089351493686482e-03,8.683923461648825537e+01,-1.747684224630314531e-01,1.292205064862728299e-04,9.621700591504774372e-03
1.386926952622360965e+01,3.718068303581954781e-02,1.363919303550029105e-02,4.595439866923914374e-03,8.752887909775611774e+01,-1.650573716967250470e-01,1.367732185865413639e-04,4.904576818809362228e-03
1.387552823601597751e+01,3.001064443902698095e-02,6.753468483714696220e-03,1.357862714086357364e-03,8.821857327191766274e+01,-1.590706545064891897e-01,9.715191376833956429e-05,2.239159578166428043e-03
1.387720853996882298e+01,3.694025046899535730e-02,3.694751084739046534e-03,-6.862621945740536404e-03,8.891613077737073922e+01,-1.584696714900303005e-01,-2.560160310793714133e-04,1.082867890530562647e-03
1.387949824553982481e+01,5.248936611773669103e-02,2.438202879604742766e-03,-1.006186837316038786e-02,8.961251830210932212e+01,-1.631236459379299675e-01,-4.180965598327099375e-04,-1.265606753652236604e-03
1.388578759937298379e+01,8.945482163454610003e-02,1.884733199096290390e-02,-6.238676710900370112e-03,9.030606939919127285e+01,-1.639429752658745632e-01,-2.442683775078393195e-05,2.713854500493131233e-03
1.388367317231020159e+01,1.004667544363469778e-01,3.817864882248034331e-02,-5.258260833669681743e-03,9.099988144248236210e+01,-1.608280621783140241e-01,-6.892305727131260143e-05,1.303841020647191276e-02
1.388820726177986664e+01,7.320585412776729750e-02,2.702169533125833509e-02,-3.692890794144472726e-03,9.169710071830057529e+01,-1.587661495539718359e-01,-3.995342336689543711e-05,9.694822968486832906e-03
1.388541626144518304e+01,5.873891250962086363e-02,1.314583535152791249e-02,1.007529093635869521e-03,9.239146950245329037e+01,-1.582266727011534813e-01,1.281121269103754608e-04,2.014229991158119314e-03
1.388094924830937416e+01,7.144781323990494204e-02,2.922890649737214241e-02,7.134797549928256592e-03,9.308789856628820303e+01,-1.526777959760551584e-01,5.721483095416854945e-05,8.824634245967731896e-03
1.388307520285069430e+01,5.435344594794827566e-02,2.887361607638858074e-02,6.040113490449845399e-03,9.377652635497484823e+01,-1.452117428558243883e-01,6.821157982338621852e-05,1.129822131578750097e-02
1.387688456493759581e+01,1.535319145098625049e-02,7.410373927483932151e-03,9.686436077191490704e-03,9.446939528530714369e+01,-1.416490233097662255e-01,2.658092201435017986e-05,2.698974291132414868e-03
1.387839015206715665e+01,1.011742281955824510e-02,8.002517016426636751e-03,1.206177434138571390e-02,9.515866826475389928e+01,-1.382075495556008005e-01,-6.086955577789803781e-05,3.272982885950224876e-03
1.388634871423398565e+01,-7.607675566694131232e-04,7.590698503259469578e-03,6.883629109187701899e-03,9.584886056658052667e+01,-1.231950484549128311e-01,8.682402390629798291e-05,5.553159413881516085e-03
1.388032715369257808e+01,-2.009692727334608242e-02,-1.218386957993576603e-02,2.248373547769078051e-03,9.654214435409652140e+01,-1.218673152932807369e-01,6.506501094657104350e-05,-3.052257428098956518e-03
1.387782804266656278e+01,-1.319722307569480210e-02,-1.407058461107042746e-02,1.530248455131415306e-03,9.723251377431969900e+01,-1.189489892471620180e-01,4.659369525971472875e-05,-5.184144364609312265e-03
1.387719776326930798e+01,1.415083497364411601e-02,-6.758232514510293179e-03,4.104487257838933777e-03,9.792309696771825145e+01,-1.158577741788598958e-01,6.493209213845972509e-05,-5.312306327326876687e-03
1.387555755932625878e+01,4.189672972368559123e-02,2.267282772893433607e-02,4.308966439953878028e-03,9.861600450927672057e+01,-1.106272375277927711e-01,4.136297778573035458e-05,9.030536691301438434e-03
1.387330839530576831e+01,1.945544280201143630e-02,3.320526591702081289e-03,1.152146549550268212e-02,9.931016926068582507e+01,-1.075693885253236753e-01,-1.828856314100882037e-04,-1.526271098109936025e-03
1.387154163631043957e+01,2.163296290936347205e-02,2.231612163439769189e-02,9.956043763599905019e-03,1.000040456127094046e+02,-9.565241182235080519e-02,-9.508989337026599905e-05,1.034177483341858737e-02
1.386962290819353427e+01,-1.881147190365674640e-02,-7.295735789434048754e-03,8.671947650699913385e-03,1.006946975881349147e+02,-8.931515285281596550e-02,-1.970908929588702701e-05,-2.158262798819938783e-03
1.386811888408258575e+01,-1.623166880757558050e-02,-8.494651746135549811e-03,1.249538632800095868e-03,1.013866849576878622e+02,-8.152118904548809331e-02,2.636918528462037738e-05,-1.784056091777345933e-03
1.386689429016277053e+01,-4.737607628650325822e-03,-1.462616094433537642e-02,6.031752810610778621e-03,1.020776171371147285e+02,-7.941672403519139944e-02,-2.412209537937620810e-05,-8.522596907062519184e-03
1.386371967882038270e+01,3.330070988389186026e-02,1.334123665775329912e-02,7.119223126619713023e-03,1.027760897282889658e+02,-7.707562618438926205e-02,-6.957477552160644136e-05,3.192778855880878605e-03
1.385654881818187611e+01,2.481295585618058588e-02,1.823948789151403488e-02,1.026074707417732115e-02,1.034750968663379638e+02,-6.950268158284196585e-02,-2.005580044165868742e-04,6.753815889660916803e-03
1.385449816604266182e+01,4.723710037515604443e-04,2.465762729561279260e-03,7.517853239585361655e-03,1.041674695645175603e+02,-6.301472407563012135e-02,-6.216931489199153114e-05,9.201845789877224555e-04
1.385843178714522317e+01,-7.725289211548752241e-04,3.481535747737792268e-03,6.364553031426602864e-03,1.048624834575237372e+02,-6.040737553558147427e-02,-2.659718668969467836e-05,1.964639941385635039e-03
1.385866730153154869e+01,-1.176784251961539469e-02,-5.015270525867335412e-03,8.440048801080773239e-03,1.055569680102439349e+02,-5.736063984955124678e-02,-9.721465135583421324e-05,-2.284270427581430903e-03
1.385875038628130795e+01,-9.208306689996727593e-03,5.578353772713642508e-03,1.301468492500858914e-02,1.062500356443788121e+02,-5.358280694813993134e-02,-3.161926155874629735e-04,2.965014720438047518e-03
1.385915149802431401e+01,-3.020052815219568046e-02,-6.366600651468995106e-03,1.318067207849894090e-02,1.069370456293604263e+02,-3.883613647764166954e-02,-3.304739249885786981e-04,-1.739416670018828536e-03
1.385375827007440819e+01,-3.052247984388943222e-02,-5.549362933368716909e-03,1.419638386732716487e-02,1.076264735430935673e+02,-3.026465625487128122e-02,-4.262491657752945514e-04,-1.547345820241920493e-03
1.385594149606010461e+01,-3.906319992416556336e-02,-2.137648461794702543e-03,1.136619264199481387e-02,1.083158991005918068e+02,-1.940026009087076134e-02,-1.898126336202903008e-04,2.351171328376874727e-03
1.385450402666976011e+01,-6.903734806484596032e-02,-2.216183570465323979e-02,1.469788492657527271e-02,1.090081733989803041e+02,-1.770329716450890975e-02,-3.804843753741940743e-04,-6.602733694268477296e-03
1.385404324038327495e+01,-6.296009956983453226e-02,-1.411560098014560255e-02,1.720165179868721889e-02,1.097038078225669437e+02,-1.499328386153527502e-02,-5.706922445434892219e-04,-3.019903001166709955e-03
1.384948792657728589e+01,-7.072388257608287765e-02,-1.977670132601141301e-02,1.314367225083488619e-02,1.103975830733766514e+02,-2.115605342821853807e-03,-2.807461475983182367e-04,-4.758863548014258434e-03
1.384863917823007817e+01,-7.527291243190416259e-02,-2.407757868680977797e-02,1.504436048865973909e-02,1.110865676545223977e+02,3.768027642897122872e-03,-4.516349759378816896e-04,-7.329102959108248216e-03
1.384835741882770677e+01,-7.232690522531834421e-02,-2.385791384701472367e-02,1.245347914961665234e-02,1.117779181499502101e+02,9.445720683418619770e-03,-2.939541198172680031e-04,-7.156523644918839390e-03
1.385467538114616737e+01,-6.455981293201536186e-02,-2.603700770346734777e-02,1.552285665303163031e-02,1.124699200388987492e+02,1.709743043855535549e-02,-6.485438031216980660e-04,-1.053461348506699695e-02
1.385379174447894002e+01,-4.516506486828815448e-02,-3.319811327739035332e-03,1.146378962444946116e-02,1.131623828102580092e+02,2.278238731941465214e-02,-2.754816813368112980e-04,1.762149766664756817e-03
1.385591718725679122e+01,-7.013692696374330959e-02,-2.631963726264528736e-02,1.176668002926795076e-02,1.138608346423861093e+02,3.025569930864617160e-02,-3.410569181373237732e-04,-9.263038354676069244e-03
1.385277996571115722e+01,-5.646094832608701541e-02,-1.795101702358133794e-02,1.569909199962159219e-02,1.145539873920150171e+02,3.326021162733792252e-02,-7.043984290347855230e-04,-6.947928330252175350e-03
1.385208496131588340e+01,-4.639825171976497131e-02,-9.436181077610112863e-03,1.781486112863252258e-02,1.152483209329011800e+02,4.271236385281889508e-02,-9.669785541096033183e-04,-3.700810311782611571e-03
1.385399096160625021e+01,-5.026504003744919347e-02,1.221477234029990592e-03,1.989368289798306919e-02,1.159406839825908122e+02,5.243901006418364569e-02,-1.108789442529189940e-03,3.013690902207065859e-03
1.385596126315967958e+01,-9.071149009340745417e-02,-2.197183476363885613e-02,1.857659294327319160e-02,1.166363455015874990e+02,6.110987280564653817e-02,-8.445543624789461287e-04,-5.454039829552088416e-03
1.385884487734523063e+01,-9.777901357599701193e-02,-3.223191075915350645e-02,1.546903190793745032e-02,1.173268635877313955e+02,6.688355008561593096e-02,-6.009430016120825878e-04,-1.030656554299671547e-02
1.385833479190065098e+01,-8.835510021027929983e-02,-1.859772390891137328e-02,1.033606233851633999e-02,1.180224361258775190e+02,7.570621693517023965e-02,-1.482903501652018524e-04,-2.083723274487075429e-03
1.385460721785023175e+01,-1.122332427253647374e-01,-4.002602395301549376e-02,7.273883063882789768e-03,1.187113577536998719e+02,7.492037878579363430e-02,-3.139366769163914948e-05,-1.137865289515515091e-02
1.385238202152086551e+01,-9.195808621521474324e-02,-3.904325351429356605e-02,6.603671670814975810e-03,1.194046788849048397e+02,7.446596968624313861e-02,-1.121249516697212846e-04,-1.366410828182185698e-02
1.384587141117474829e+01,-5.699378934253032658e-02,-2.298747477268811915e-02,6.462360228752051482e-03,1.201029823807060382e+02,7.536529424805486765e-02,-1.550186089655168327e-04,-8.741843141116095381e-03
1.384581074933243983e+01,-3.993123252405290230e-02,-8.403500021686065649e-03,5.109680719476939956e-03,1.207985798401228408e+02,7.572646705373604903e-02,-8.228330313258637246e-05,-1.765307300911022909e-03
1.384783951814345393e+01,-4.534717008337720706e-02,-1.442923165653967575e-02,1.380354623321077348e-03,1.214917091776750908e+02,7.543827124066486423e-02,1.652597861010215213e-05,-3.935508748582700923e-03
1.384921511569826258e+01,-4.191156338900039330e-02,-1.685920731509465975e-02,-1.029069542870748649e-04,1.221843441588377601e+02,7.117984333730625890e-02,1.944565948713367632e-05,-5.592313617643215884e-03
1.385145876854627822e+01,-3.099420591679987944e-02,-1.373903797441448742e-02,2.766028561214803599e-03,1.228783378442144851e+02,7.126037399578936948e-02,-4.527263462276079868e-05,-5.904233662338209503e-03
1.384916679782649673e+01,-1.818204859428056500e-02,4.404234517383298023e-05,4.413618048278340755e-03,1.235643523395619354e+02,6.967858082872920022e-02,-8.936175944752968489e-05,5.703318462911576882e-04
1.384644577094993600e+01,-2.675076799864199717e-02,-2.282301383096732757e-03,3.927820854154774957e-03,1.242615760439559836e+02,7.050396187489411937e-02,-5.391216892813562121e-05,4.836704940348769276e-04
1.385274598444437366e+01,-3.772859960222241932e-02,-7.948899409405539573e-03,2.954700584663396898e-03,1.249562344577293516e+02,7.038812137634636867e-02,-1.230326771621618886e-05,-1.235882587024645903e-03
1.385461303523170784e+01,-4.397672941053398787e-02,-1.332064319872596284e-02,1.333278266489351660e-03,1.256517633217385139e+02,7.110914675255566864e-02,1.781341470717106643e-05,-3.352028921668777275e-03
1.385212109879978826e+01,-4.354820064769201332e-02,-1.785166472809555580e-02,5.781052222099274801e-03,1.263500405626281520e+02,7.388340551022762326e-02,-1.450175384385521784e-04,-7.336190784258889847e-03
1.385461443803340131e+01,-2.758339109059015568e-02,-7.194216790809575181e-04,8.437815261181629695e-03,1.270440914416978870e+02,7.384561231793260183e-02,-2.710977396579891912e-04,5.338703742952992728e-04
1.385426485490824078e+01,-4.051804201702310926e-02,-9.537213038718022826e-03,8.949995966255990670e-03,1.277356519047113608e+02,7.515483947356264849e-02,-2.931969208211217888e-04,-3.245676932238427802e-03
1.385201057345413034e+01,-3.875928219476616060e-02,-1.880597222805874789e-03,7.271561299982153004e-03,1.284323084754728939e+02,7.652188263147365055e-02,-1.574129667405639880e-04,1.701362405241230863e-03
1.385311809151414586e+01,-6.139455372412867817e-02,-1.415816772702391951e-02,7.559895227957413866e-03,1.291232454548251098e+02,8.026252979169465340e-02,-1.362165673161622398e-04,-2.801144430197274708e-03
1.385561420167355884e+01,-6.462124798318917562e-02,-2.583854861011177298e-02,8.850480680486156118e-03,1.298223748390620358e+02,8.143634731071026922e-02,-2.845024292493546561e-04,-1.003838459237713782e-02
1.385632863398191184e+01,-4.238343366568962656e-02,-8.845587462062312264e-03,6.395320399763872524e-03,1.305114398973924210e+02,8.751219369813917348e-02,-1.466697587099491840e-04,-2.171092644829744622e-03
1.385415422367845295e+01,-4.845047329824892640e-02,-1.719080849076120437e-02,9.065703899777736302e-03,1.312054143421389654e+02,8.514057151556156389e-02,-3.294712607797942064e-04,-7.106364903141941004e-03
1.385568549736709620e+01,-3.980044346683697665e-02,-6.966136947696247375e-03,3.313377710232530068e-03,1.319021240433880564e+02,8.929732818020515162e-02,-2.014230596231647488e-05,-7.108789568064023028e-04
1.385910008200786869e+01,-4.904066786461777627e-02,-1.479625087811952018e-02,2.175541373006876708e-03,1.325954250729568855e+02,8.608883683565254907e-02,8.223651375981551984e-06,-3.974069898492822890e-03
1.386384717716287973e+01,-4.192331013802004513e-02,-1.781474502354152972e-02,8.001829596869250438e-03,1.332899048121273324e+02,8.742369852889549098e-02,-2.982714147891606105e-04,-8.293497508795355175e-03
1.386672561811972848e+01,-2.317624153562403838e-02,2.175449630178951429e-03,3.991797589032720223e-03,1.339834617601718776e+02,9.080059893024897133e-02,-6.589554515572273422e-05,2.397306974844985207e-03
1.387160393147191151e+01,-4.060770024088013880e-02,-1.464824038026307784e-02,8.690122245763549913e-03,1.346719824310199272e+02,9.106165949834690854e-02,-3.382796758644700534e-04,-6.702004837369615609e-03
1.387500480807201164e+01,-2.770416995443286678e-02,1.161080153603646220e-02,4.319147497984153657e-03,1.353662428507039408e+02,9.793243718642304085e-02,-3.532403026316885885e-05,8.868549041628662200e-03
1.387691743676421652e+01,-7.007494268001254745e-02,-2.471202466422371333e-02,4.648691021013309083e-03,1.360594016751774689e+02,9.688625602545833382e-02,-4.986696751716456351e-05,-7.829294794336704583e-03
1.388312570628600540e+01,-5.426212683506695389e-02,-2.292868839131869188e-02,7.200344084240625775e-03,1.367542942628055584e+02,9.608143435217031403e-02,-2.365402466294817927e-04,-9.647389249216689958e-03
1.388289938977972326e+01,-3.041916746596914217e-02,-1.396665262319486938e-03,2.630881992989120028e-03,1.374488432323084623e+02,1.033164824016908900e-01,-1.237606706366906246e-05,1.306498347815833547e-03
1.387914489638051485e+01,-4.640751257115058315e-02,-1.421032152276984102e-02,6.534219997479304414e-04,1.381429879229671087e+02,1.056446581001100338e-01,3.652987362830761728e-05,-4.002704800253285670e-03
1.388269672759902384e+01,-4.374712409007527891e-02,-1.513995276939360084e-02,-1.158127829424809765e-03,1.388434273246570854e+02,1.098573710243357371e-01,5.564408426322823550e-05,-4.662328404615410926e-03
