5.345542188030734998e+00,-2.109031794136905003e+00,-6.236229034156207440e+00,6.051080904830097751e+00,2.975926610567657615e+00,-1.960632202657929257e+00,2.604181937043313688e+00,5.061666275829135309e+00,-4.469801087018433705e+00,-2.535626428625948225e+00,-1.712244238335711932e+00,1.166983174135551415e+00,-3.288326234180347640e+00,2.383454067763094653e+00,-3.341741325395575779e-01,-9.297966166966140644e-01,-7.105532402212813459e+00,2.446547547649769783e+00,-6.659832078228288266e-01,3.308936468855954161e+00
-2.109031794136904558e+00,1.731894595235303669e+01,6.478998035306860359e+00,1.483787344468355585e+00,-2.860435766312297456e+00,-1.256359041685942657e+01,-9.346428025489617042e+00,-6.407740297114249195e+00,5.021167494440200940e+00,-2.267707725634454441e+00,-2.007730785170388721e+00,3.075412155421677340e+00,-7.614198325339807560e+00,1.193253754193807481e+01,1.159241111059214235e+00,-5.853341113830095449e-02,1.603593514551982224e+01,-5.408916438116571967e+00,1.875431015588270967e+00,-1.368128075514371211e+01
-6.236229034156202111e+00,6.478998035306866576e+00,3.518833467193076814e+01,-7.756969481710789260e+00,-4.586150381678131716e+00,9.185418277307402235e+00,-1.798236889089660551e+01,6.805929927116335376e-01,2.478101679460595896e+00,-2.143823187892949900e+00,4.699365241395433657e+00,3.835948420759587307e+00,-1.921241855060755954e+00,1.290436068880051934e+01,5.201562772545853086e+00,4.770337855271430172e+00,2.901941321711956068e+00,-1.255256400074056522e+01,-2.890842234391847043e+01,-6.064616905160556293e+00
6.051080904830107521e+00,1.483787344468342262e+00,-7.756969481710785708e+00,3.177129798204654421e+01,9.357514641081721152e+00,5.114966194556991752e+00,1.411288540158382254e+01,3.720117414079135187e+01,-2.161492382623884723e+01,4.890255728864608686e-01,-8.388048337049916370e+00,-6.123398883550491334e+00,-1.483795560276060854e+01,-3.824299429432210129e+00,-5.236441975658806314e+00,-5.285926421890430937e+00,-6.980395957888964276e+00,5.484622099586074384e+00,-4.420050697418226093e+01,1.325633415780839286e+01
2.975926610567665609e+00,-2.860435766312298789e+00,-4.586150381678129939e+00,9.357514641081714046e+00,8.526238796944332066e+00,4.168266068227403309e+00,8.077216658747303768e+00,1.484950336835696838e+01,-1.011378186665117873e+01,1.481790345523273711e+00,-6.219283139524679704e+00,-7.171054465568873937e+00,-2.507089095965494341e+00,-5.679554856203667512e+00,-1.150912834845496668e+00,-2.404211638479291313e+00,-5.000890616831319413e+00,2.987832822603064375e+00,-1.229431147704091210e+01,7.598404227506818209e+00
-1.960632202657914602e+00,-1.256359041685942479e+01,9.185418277307391577e+00,5.114966194556989088e+00,4.168266068227410415e+00,4.054187991690061921e+01,7.118851022990980049e+00,2.218541738029033539e+01,-1.504385457272270443e+01,5.935862149057713033e+00,2.668072336490693530e+00,-9.298210550896271798e+00,-3.102872436568305581e+00,-2.125010806653291695e+01,-4.387154983820563681e-01,4.072501313415095581e+00,-2.713977767759939752e+01,-2.534349483772661671e+00,-3.786214722411328637e+01,3.032348583014657351e+01
2.604181937043320794e+00,-9.346428025489633029e+00,-1.798236889089659130e+01,1.411288540158381366e+01,8.077216658747305544e+00,7.118851022990971167e+00,2.502847302936330465e+01,1.787394749687662099e+01,-9.578850724974028452e+00,8.295732164356989458e+00,-4.046923443681916588e+00,-1.001477455841466480e+01,-4.797211116469346059e+00,-1.594022104377578231e+01,-7.583910454473671514e+00,-7.496827314753751637e+00,-6.660328582765513872e+00,8.710813399698306370e+00,-1.282878762433236020e+01,1.447519495047698612e+01
5.061666275829133532e+00,-6.407740297114273176e+00,6.805929927116575184e-01,3.720117414079134477e+01,1.484950336835697193e+01,2.218541738029031052e+01,1.787394749687661033e+01,7.295526960774336089e+01,-4.459629838844018934e+01,3.542187478266638490e+00,-1.149500458831714411e+01,-1.450697572225610266e+01,-7.822460901311098169e+00,-1.654555403747351505e+01,-2.378555886530350882e+00,-9.805431770131033176e+00,-1.684755401711043987e+01,1.024266639578341476e+01,-7.650895733399055132e+01,2.249103033824821551e+01
-4.469801087018455021e+00,5.021167494440193835e+00,2.478101679460618989e+00,-2.161492382623887565e+01,-1.011378186665117340e+01,-1.504385457272268489e+01,-9.578850724974026676e+00,-4.459629838844021066e+01,3.086274002949702577e+01,-1.462640687768070602e-01,6.438761504572449113e+00,8.579267909841057360e+00,4.337348933106549786e+00,1.099965682926720589e+01,8.882616472972432176e-02,4.064934970383616175e+00,1.435007434999954690e+01,-5.215119142524721418e+00,3.836791727216002812e+01,-1.485566788666916693e+01
-2.535626428625951778e+00,-2.267707725634447335e+00,-2.143823187892947235e+00,4.890255728864627560e-01,1.481790345523276153e+00,5.935862149057712145e+00,8.295732164356987681e+00,3.542187478266657585e+00,-1.462640687768174685e-01,7.781207872892907496e+00,-1.483216335231853922e+00,-8.059304570092223230e+00,2.516428450713787068e+00,-1.036847473162136524e+01,-3.436024810910077498e+00,-2.629997171520270793e+00,6.954863195751633809e-01,2.007395971919569533e+00,-5.409313253830595691e+00,5.769019917767863603e+00
-1.712244238335715041e+00,-2.007730785170386500e+00,4.699365241395429216e+00,-8.388048337049912817e+00,-6.219283139524679704e+00,2.668072336490703300e+00,-4.046923443681917476e+00,-1.149500458831714056e+01,6.438761504572443783e+00,-1.483216335231847482e+00,8.815528648478796470e+00,7.074933146230034886e+00,-1.432854060130533069e+00,4.296413485286259437e+00,6.670085251896968881e-01,2.958073654542360487e+00,-2.912890870846095215e+00,-4.853793057908506903e+00,9.091059747834437488e+00,-2.148889714561200925e+00
1.166983174135539425e+00,3.075412155421676896e+00,3.835948420759607291e+00,-6.123398883550507321e+00,-7.171054465568880154e+00,-9.298210550896278903e+00,-1.001477455841468789e+01,-1.450697572225612575e+01,8.579267909841064466e+00,-8.059304570092228559e+00,7.074933146230043768e+00,1.469850116505044468e+01,-4.220539997433118806e+00,1.530362406379272322e+01,2.591766125570688750e+00,3.002899463105596745e+00,2.522692140283642637e+00,-4.054256532754033415e+00,1.294442583131275626e+01,-1.134831202133023531e+01
-3.288326234180356522e+00,-7.614198325339799567e+00,-1.921241855060749293e+00,-1.483795560276061387e+01,-2.507089095965499670e+00,-3.102872436568303804e+00,-4.797211116469354941e+00,-7.822460901311112380e+00,4.337348933106551563e+00,2.516428450713783516e+00,-1.432854060130533957e+00,-4.220539997433125023e+00,2.563836049222743796e+01,-8.832899598870884716e+00,1.487970646987234691e+00,2.475068067031254149e+00,5.252871481011987420e+00,3.954959597374026359e+00,2.092456414185612701e+01,-6.374262884998726619e+00
2.383454067763099538e+00,1.193253754193806593e+01,1.290436068880051401e+01,-3.824299429432202579e+00,-5.679554856203668400e+00,-2.125010806653291695e+01,-1.594022104377578053e+01,-1.654555403747352926e+01,1.099965682926721655e+01,-1.036847473162136524e+01,4.296413485286271872e+00,1.530362406379271611e+01,-8.832899598870897151e+00,3.055419808491393852e+01,3.279055982545378445e+00,1.927057521084842850e+00,1.068922886958871210e+01,-8.717824252232153626e+00,8.272845519724507213e+00,-2.136065650471400090e+01
-3.341741325395588547e-01,1.159241111059216900e+00,5.201562772545852198e+00,-5.236441975658806314e+00,-1.150912834845498001e+00,-4.387154983820573118e-01,-7.583910454473671514e+00,-2.378555886530357544e+00,8.882616472972447441e-02,-3.436024810910078386e+00,6.670085251896978873e-01,2.591766125570683421e+00,1.487970646987231360e+00,3.279055982545380221e+00,4.891402644505057573e+00,2.133081717078855466e-01,-1.170594474688041009e+00,-4.466379670266064361e-02,4.336546719469330569e+00,-2.147122676170019950e+00
-9.297966166966139534e-01,-5.853341113829974018e-02,4.770337855271427507e+00,-5.285926421890427385e+00,-2.404211638479287760e+00,4.072501313415100022e+00,-7.496827314753749860e+00,-9.805431770131029623e+00,4.064934970383609070e+00,-2.629997171520266797e+00,2.958073654542357822e+00,3.002899463105582090e+00,2.475068067031253705e+00,1.927057521084835745e+00,2.133081717078866846e-01,8.969621502494261378e+00,-1.194780105645238288e+00,-7.477680253315038605e+00,5.716080267491377320e+00,-9.122856972845879708e-01
-7.105532402212822340e+00,1.603593514551981514e+01,2.901941321711972943e+00,-6.980395957888960723e+00,-5.000890616831322077e+00,-2.713977767759939397e+01,-6.660328582765518313e+00,-1.684755401711045053e+01,1.435007434999956288e+01,6.954863195751544991e-01,-2.912890870846091662e+00,2.522692140283640860e+00,5.252871481011982091e+00,1.068922886958872098e+01,-1.170594474688039899e+00,-1.194780105645233625e+00,3.663603061648710479e+01,-3.230856076353826989e+00,1.843107509574867109e+01,-2.928304007409038690e+01
2.446547547649765786e+00,-5.408916438116577297e+00,-1.255256400074056344e+01,5.484622099586074384e+00,2.987832822603062599e+00,-2.534349483772662559e+00,8.710813399698309922e+00,1.024266639578342009e+01,-5.215119142524719642e+00,2.007395971919569977e+00,-4.853793057908506015e+00,-4.054256532754021869e+00,3.954959597374025027e+00,-8.717824252232150073e+00,-4.466379670266448082e-02,-7.477680253315041270e+00,-3.230856076353822104e+00,1.281226775781477834e+01,-4.704281241296091043e-01,5.844925335117883591e+00
-6.659832078228583585e-01,1.875431015588273409e+00,-2.890842234391842069e+01,-4.420050697418229646e+01,-1.229431147704092098e+01,-3.786214722411331479e+01,-1.282878762433237796e+01,-7.650895733399057974e+01,3.836791727216004944e+01,-5.409313253830593027e+00,9.091059747834442817e+00,1.294442583131273494e+01,2.092456414185612346e+01,8.272845519724519647e+00,4.336546719469327016e+00,5.716080267491381761e+00,1.843107509574869241e+01,-4.704281241296028315e-01,1.288750527162758885e+02,-3.009644741166103543e+01
3.308936468855979918e+00,-1.368128075514370678e+01,-6.064616905160593596e+00,1.325633415780841062e+01,7.598404227506824427e+00,3.032348583014658061e+01,1.447519495047700211e+01,2.249103033824824394e+01,-1.485566788666918647e+01,5.769019917767872485e+00,-2.148889714561209363e+00,-1.134831202133022821e+01,-6.374262884998725731e+00,-2.136065650471401867e+01,-2.147122676170023059e+00,-9.122856972845954093e-01,-2.928304007409039045e+01,5.844925335117885368e+00,-3.009644741166103188e+01,3.523736988682829718e+01
