5.194167669052715652e+00,-8.660362069252904027e-02,-1.930134918036629843e+00,-3.156948011374796081e+00,6.821842790685080260e+00,2.376781252065267580e+00,2.138819389854917929e+00,2.487582231791154452e+00,-3.442559645932751433e+00,1.357046815743639667e-01,-4.320972606020795581e+00,-1.678644702571350678e+00,-2.251382513727349988e+00,-2.225871412371510372e-01,1.811294886499915435e+00,-2.278810907910215455e+00,-6.620479051424642769e+00,1.176565530774143498e-01,5.190265283578823663e+00,-2.235116041822200472e-01
-8.660362069253044193e-02,1.077701212732789493e+01,2.719813375961187774e+00,-1.092424036661471032e+00,4.627356824323635154e-01,-3.106970292401647793e+00,-6.381406178155656583e+00,5.040248940034420144e+00,-6.126379986738303529e+00,-1.608523708254458784e+00,-3.348088696889273130e-01,9.107345646654899651e-01,-4.426893839243445150e+00,3.069237024117374535e+00,3.198888633085802624e+00,-1.000110128682226263e+00,5.529290365823813502e+00,-4.394706157140503500e+00,5.983671590870692114e+00,-9.082689722179278391e+00
-1.930134918036627178e+00,2.719813375961184221e+00,9.367063385911521323e+00,1.132725777538740042e-01,-1.304122159475291642e-01,-1.221021025907233826e+00,-7.008480410456717991e+00,-1.315007403882373804e+00,2.805771740703571382e+00,-1.596322634966887088e+00,-6.007741032633502343e-01,7.839534875719278428e-02,2.068328243076403838e-01,4.008423785308765197e+00,1.368335926350492837e+00,2.748363323713832518e+00,4.230646212859885402e+00,-3.383124101410852624e+00,-8.939078787057345821e+00,-1.461508101717344577e+00
-3.156948011374796526e+00,-1.092424036661471920e+00,1.132725777538686335e-01,8.866378868169247696e+00,-5.919835101522000542e+00,-7.189702971321250580e+00,1.670685098616630171e+00,-2.272178334778710340e+00,5.146104880190906172e+00,-1.210461206916958021e+00,5.261917003954446059e+00,3.944204417069362645e+00,-3.017652005553488781e+00,5.915193455394210709e+00,-4.165586686343956124e+00,4.395688057823710637e-01,5.495651139916048145e+00,1.633619966050364469e-01,-9.524295497149269707e+00,5.364737460563206994e-01
6.821842790685077595e+00,4.627356824323631268e-01,-1.304122159475285259e-01,-5.919835101521994325e+00,2.415151286699733646e+01,6.150693114336507783e+00,2.527369872373448345e+00,5.204343807313596137e+00,-6.740554034908615044e+00,-2.656052710587185395e+00,-1.563108038037942826e+01,-1.030491419344108373e+01,1.300093932999633883e-01,-1.890893442360900290e+00,4.079540609065566592e+00,-2.762218434719355464e+00,-9.539104451602128165e+00,-4.202222436064288580e+00,1.140536821442252524e+01,-1.097200373134035623e+00
2.376781252065265804e+00,-3.106970292401642464e+00,-1.221021025907230273e+00,-7.189702971321257685e+00,6.150693114336514888e+00,1.046382188156202986e+01,2.697199760303159444e-02,1.086977122623983494e+00,-4.557486697855841484e+00,6.737345987518341683e-01,-4.752913632829454116e+00,-5.008034920922163735e+00,6.838729047091787194e+00,-6.001155628238069362e+00,1.673927968348454698e+00,3.945328769669609326e-01,-1.122811277767499938e+01,-3.280902250506646106e-02,9.832200319999254035e+00,3.551097602072256887e+00
2.138819389854917041e+00,-6.381406178155653919e+00,-7.008480410456718879e+00,1.670685098616627284e+00,2.527369872373448345e+00,2.697199760303452265e-02,9.771767668442029375e+00,8.068499255470196196e-01,6.676739329482703766e-01,1.437959166394377153e+00,-8.240296526310821879e-01,-2.156625475118118251e-01,-1.207911052460896917e+00,-2.488201797397756376e+00,-1.949920333482469958e+00,-3.682983501034909235e+00,-3.525034302477326964e+00,4.915770874966151283e+00,-4.291248584925239085e-02,3.363006332118184893e+00
2.487582231791151344e+00,5.040248940034412151e+00,-1.315007403882364034e+00,-2.272178334778712117e+00,5.204343807313609460e+00,1.086977122623990155e+00,8.068499255470219511e-01,1.281376961395655201e+01,-1.127290977463626120e+01,-1.386593808007552164e+00,-2.565645516779124335e+00,6.227633024630735425e-01,-4.219098407935931050e+00,-6.727820452831111409e-01,4.443625512182494575e+00,-6.985452649944145165e+00,-1.365239387377951363e+00,1.121380422267826305e+00,5.664380562260840080e+00,-7.120271388627434028e+00
-3.442559645932751877e+00,-6.126379986738301753e+00,2.805771740703570050e+00,5.146104880190913278e+00,-6.740554034908630143e+00,-4.557486697855845037e+00,6.676739329482728191e-01,-1.127290977463625943e+01,2.090689597103776975e+01,2.784768835961694666e+00,1.292965615459064965e+00,3.527257024031571486e+00,3.253898234338204798e+00,-2.264568096714156820e+00,-5.094337960004586385e+00,3.405861993450448821e+00,9.036129792339725242e+00,4.944186120384923555e+00,-2.560361745610306627e+01,7.381684018896434551e+00
1.357046815743622736e-01,-1.608523708254458340e+00,-1.596322634966891085e+00,-1.210461206916958243e+00,-2.656052710587189392e+00,6.737345987518355006e-01,1.437959166394379151e+00,-1.386593808007556383e+00,2.784768835961695554e+00,3.777527350760134794e+00,2.439960711230528545e-01,-1.269824808457882481e+00,2.801675166013987806e+00,-4.541764706785756722e+00,-1.149156957433455251e+00,-9.341606268060821672e-02,4.085572125858812909e-01,2.748409627565920665e+00,-2.128330759696710484e+00,2.645316501150550614e+00
-4.320972606020793805e+00,-3.348088696889224836e-01,-6.007741032633545641e-01,5.261917003954446947e+00,-1.563108038037942826e+01,-4.752913632829447010e+00,-8.240296526310816327e-01,-2.565645516779112345e+00,1.292965615459048534e+00,2.439960711230495793e-01,1.674505998529840411e+01,8.435015547182178608e+00,-7.674395218062812773e+00,4.514274379906456858e+00,-2.539952185547730057e+00,1.646023478707390852e+00,2.933504061309585520e+00,-2.291623754606707308e+00,-5.002767629127540250e-01,9.288118537214393733e-01
-1.678644702571347347e+00,9.107345646654978477e-01,7.839534875719121609e-02,3.944204417069362645e+00,-1.030491419344108550e+01,-5.008034920922156630e+00,-2.156625475118132684e-01,6.227633024630829794e-01,3.527257024031561716e+00,-1.269824808457880705e+00,8.435015547182178608e+00,1.104867324697328712e+01,-7.465117366044971448e+00,3.701639392390154271e+00,-2.793419572524642458e-01,-1.920458088562183585e+00,5.857478363647943276e+00,3.019859930830809169e+00,-9.859587592532029987e+00,-3.080294405276622793e+00
-2.251382513727355317e+00,-4.426893839243447815e+00,2.068328243076415218e-01,-3.017652005553487449e+00,1.300093932999593083e-01,6.838729047091782753e+00,-1.207911052460895585e+00,-4.219098407935939044e+00,3.253898234338215900e+00,2.801675166013986029e+00,-7.674395218062809221e+00,-7.465117366044969671e+00,1.955854020288910533e+01,-6.552492777865779772e+00,-3.629862169806465921e+00,4.139306151285884638e+00,-3.026496793371829419e+00,3.262668569380319461e+00,-1.205999170902701589e+00,4.346919793175507252e+00
-2.225871412371519253e-01,3.069237024117373203e+00,4.008423785308762533e+00,5.915193455394213373e+00,-1.890893442360900512e+00,-6.001155628238068473e+00,-2.488201797397754600e+00,-6.727820452831092535e-01,-2.264568096714161705e+00,-4.541764706785759387e+00,4.514274379906460410e+00,3.701639392390157823e+00,-6.552492777865785989e+00,1.357978535986462454e+01,-1.472401088908320554e+00,1.535766088109259409e+00,1.085375163193240539e-01,-6.286635334975329670e+00,3.813652556187828446e-02,-4.086943237717859390e+00
1.811294886499919210e+00,3.198888633085807953e+00,1.368335926350493059e+00,-4.165586686343957901e+00,4.079540609065571033e+00,1.673927968348452922e+00,-1.949920333482475732e+00,4.443625512182497239e+00,-5.094337960004587273e+00,-1.149156957433453696e+00,-2.539952185547734942e+00,-2.793419572524671324e-01,-3.629862169806464145e+00,-1.472401088908321443e+00,5.108886220661616129e+00,-2.063133435698830009e+00,6.883994324060319081e-02,-1.104909767166280645e-03,3.479284495061532922e+00,-2.840502922434154698e+00
-2.278810907910212347e+00,-1.000110128682224930e+00,2.748363323713831186e+00,4.395688057823707862e-01,-2.762218434719360349e+00,3.945328769669596003e-01,-3.682983501034909235e+00,-6.985452649944142500e+00,3.405861993450447933e+00,-9.341606268061114493e-02,1.646023478707394849e+00,-1.920458088562177590e+00,4.139306151285880198e+00,1.535766088109260519e+00,-2.063133435698828677e+00,6.166038051149617338e+00,3.813424510468027551e-01,-3.964155684400693769e+00,1.042053135484700244e+00,2.765774618306648058e+00
-6.620479051424635664e+00,5.529290365823812614e+00,4.230646212859880073e+00,5.495651139916057026e+00,-9.539104451602138823e+00,-1.122811277767500293e+01,-3.525034302477322079e+00,-1.365239387377949809e+00,9.036129792339725242e+00,4.085572125858856762e-01,2.933504061309595290e+00,5.857478363647949493e+00,-3.026496793371834748e+00,1.085375163193234432e-01,6.883994324060203895e-02,3.813424510468002016e-01,2.284629874747560407e+01,3.302979895355144357e+00,-1.901548308792186148e+01,-5.829110490883589790e+00
1.176565530774125873e-01,-4.394706157140499059e+00,-3.383124101410851292e+00,1.633619966050348093e-01,-4.202222436064291244e+00,-3.280902250506377571e-02,4.915770874966151283e+00,1.121380422267828081e+00,4.944186120384924443e+00,2.748409627565923330e+00,-2.291623754606706864e+00,3.019859930830808281e+00,3.262668569380318129e+00,-6.286635334975330558e+00,-1.104909767164258174e-03,-3.964155684400695989e+00,3.302979895355144802e+00,1.169301062150126924e+01,-1.294555988884992992e+01,2.250294636208181931e+00
5.190265283578818334e+00,5.983671590870698331e+00,-8.939078787057358255e+00,-9.524295497149271483e+00,1.140536821442254478e+01,9.832200319999246929e+00,-4.291248584925966281e-02,5.664380562260838303e+00,-2.560361745610305917e+01,-2.128330759696718921e+00,-5.002767629127722326e-01,-9.859587592532035316e+00,-1.205999170902691819e+00,3.813652556187448889e-02,3.479284495061532922e+00,1.042053135484701354e+00,-1.901548308792185793e+01,-1.294555988884992814e+01,5.156382598650041871e+01,-4.703171257844389608e+00
-2.235116041822203248e-01,-9.082689722179271286e+00,-1.461508101717348795e+00,5.364737460563198113e-01,-1.097200373134043838e+00,3.551097602072257331e+00,3.363006332118183117e+00,-7.120271388627434916e+00,7.381684018896434551e+00,2.645316501150549726e+00,9.288118537214447024e-01,-3.080294405276621461e+00,4.346919793175504587e+00,-4.086943237717858501e+00,-2.840502922434152477e+00,2.765774618306651611e+00,-5.829110490883590678e+00,2.250294636208182819e+00,-4.703171257844388720e+00,1.171556509795563095e+01
