2.824870813708738737e+01,-1.178001260196956723e+00,-5.709841162751805310e-01,-2.117436463331848628e+01,-5.433147859711041860e+00,-7.745945243704398742e+00,-8.972490606321697371e+00,4.055365529706550731e+00,1.146401971395735764e+01,9.317381936815616328e-01,-3.119377641630511455e+00,3.662431508992504803e+00,4.955012404629088429e+00,-8.707216777436739719e+00,6.958652076876810533e+00,-9.685087736966426775e+00,7.340503418501144850e+00,9.551895955616243938e+00,-3.335524494493009584e+00,-7.252750463681101323e+00
-1.178001260196951172e+00,4.420816920296459784e+00,-8.069795157473073743e+00,3.917957400499357146e+00,7.828349291229376172e-01,-5.962897895759022404e+00,-4.212267748142192403e+00,2.663287519398614744e+00,-1.727719355270097845e-01,-2.018065101405619455e+00,3.927842862317175943e+00,-7.639557865708807016e-01,-2.334840955303684407e+00,6.736602209768125071e+00,5.887175742487364971e+00,-2.643146615939190536e+00,-4.014358941710272077e-01,-6.030928457740531101e+00,-9.140143247513151659e-01,6.351598971175668851e+00
-5.709841162752021804e-01,-8.069795157473070191e+00,3.479059991232598037e+01,2.156990162644116360e+00,-1.624519288057281186e+00,1.889023901987433263e+01,1.056853153241039678e+01,-1.390367902555485280e+01,-7.464170641618846247e+00,6.710405229894972123e+00,-2.491982710185211758e+01,1.520500532088637113e+00,9.444894027965721861e+00,-2.039719649822686165e+01,-1.532310232366754832e+01,1.397021098851187304e+01,-5.444323384933360543e+00,1.598640750944679922e+01,2.057187401459139586e+00,-1.827468495569159757e+01
-2.117436463331848273e+01,3.917957400499366472e+00,2.156990162644095488e+00,2.756360961991942204e+01,2.783613985909384692e+00,-2.034525850119672519e-01,7.268552999075463816e-01,-3.765733293446850816e+00,-1.339293098842162699e+01,-3.757613407568892727e-01,1.536976141601075430e+00,-4.667102629005520420e+00,-6.673125101553648797e+00,1.367865009558596334e+01,-8.031842415707595162e-01,5.886240714935642160e+00,-9.617306913658147494e+00,-1.097628221059407316e+01,3.355296492023941646e+00,1.004598194164095837e+01
-5.433147859711029426e+00,7.828349291229378393e-01,-1.624519288057284294e+00,2.783613985909374033e+00,1.015639502986524079e+01,1.773442319628651953e+00,2.581746638777473901e+00,-2.608251006990962129e+00,-2.391445490497720705e+00,-4.586453105564508803e+00,9.561814354689932571e+00,-2.601357425354508202e+00,-5.957304523237294980e+00,1.333665142127714986e+01,1.349512589691298503e+00,4.406175139855205813e+00,-2.699742874715940211e+00,-1.855870448647396742e+01,1.595591336104462687e+00,-1.895363263272358045e+00
-7.745945243704391636e+00,-5.962897895759031286e+00,1.889023901987435039e+01,-2.034525850119727752e-01,1.773442319628635078e+00,2.896658875787807119e+01,1.571973716606527383e+01,-7.846607415536098529e+00,-9.540053917735226818e+00,3.291989468504421978e+00,-1.516021682495432366e+01,3.289302691112632626e+00,2.106612555040971113e+00,-1.213063002032231097e+01,-7.530021399830056694e+00,1.821874288421435750e+01,-6.249129980106898685e+00,5.585425451278339670e-01,-2.378041742982317519e-01,-2.012032609342091405e+01
-8.972490606321690265e+00,-4.212267748142191515e+00,1.056853153241040388e+01,7.268552999075457155e-01,2.581746638777472569e+00,1.571973716606526672e+01,1.444365146155938007e+01,-4.501974215350775133e+00,-4.022335593340674365e+00,4.621067228287661366e-01,-4.775306652640069593e+00,7.210136941051291659e-01,8.482210411094510683e-01,-7.836663981648991140e+00,-5.857002228514577524e+00,1.441759683715517504e+01,-4.079652165222992011e+00,3.965677131718352122e+00,-8.313942296793769282e-01,-1.932076260049321093e+01
4.055365529706559613e+00,2.663287519398616521e+00,-1.390367902555486168e+01,-3.765733293446861030e+00,-2.608251006990963017e+00,-7.846607415536107411e+00,-4.501974215350782238e+00,8.122157427162321142e+00,5.886866104254639076e+00,-2.827947692951821690e+00,1.143706118731529031e+01,1.319256297717058768e+00,-2.257229246916276466e+00,1.918659826306134741e+00,5.364474449408118240e+00,-6.686411397835376746e+00,2.108607659487351071e+00,1.726229353841205905e+00,-2.101563186111881976e+00,1.852884812582578089e+00
1.146401971395736119e+01,-1.727719355270105894e-01,-7.464170641618847135e+00,-1.339293098842163587e+01,-2.391445490497717596e+00,-9.540053917735233924e+00,-4.022335593340681470e+00,5.886866104254636411e+00,1.454546286751115680e+01,-2.651754692615184261e+00,1.330702134867808972e+01,4.124840663073329416e+00,1.143443566328551819e+00,-7.305221807957368974e+00,-7.257823438604429356e-01,-9.421227434979018156e+00,3.683913551609483861e+00,1.101939345245013868e+01,-2.837917362008997912e+00,-5.301584363067822103e+00
9.317381936815553045e-01,-2.018065101405623896e+00,6.710405229894980117e+00,-3.757613407568830555e-01,-4.586453105564507027e+00,3.291989468504421978e+00,4.621067228287709105e-01,-2.827947692951823022e+00,-2.651754692615182929e+00,5.413214002247518586e+00,-1.516089678326564005e+01,-3.265675168150881935e-02,4.676191586585884075e+00,-6.731023450306739875e+00,-2.355986907729892721e+00,7.921827918772872401e-02,2.467533538684342442e+00,7.440370944980751133e+00,6.732329031924694229e-01,4.675131627047669269e+00
-3.119377641630489251e+00,3.927842862317168837e+00,-2.491982710185212468e+01,1.536976141601044343e+00,9.561814354689930795e+00,-1.516021682495434675e+01,-4.775306652640087357e+00,1.143706118731528498e+01,1.330702134867809860e+01,-1.516089678326563472e+01,6.426886306944359717e+01,1.612916979920817839e+00,-2.024510212179447066e+01,2.160676271936414139e+01,1.871644663616331972e+00,-5.593189717810705730e+00,-9.126107426053698291e+00,-1.779584919633495232e+01,-4.471478039796511483e-01,-1.315941794211991223e+01
3.662431508992504359e+00,-7.639557865708838102e-01,1.520500532088636669e+00,-4.667102629005529302e+00,-2.601357425354512198e+00,3.289302691112631738e+00,7.210136941051346060e-01,1.319256297717060544e+00,4.124840663073336522e+00,-3.265675168151023489e-02,1.612916979920826499e+00,5.420033161298175806e+00,-2.563230769197309966e-01,-6.330149226853698963e+00,1.118184673550474822e-01,-5.241787438970393342e-01,-8.449410023009101822e-01,5.108402860188689942e+00,-3.609969141938743409e+00,-7.267184876806374483e+00
4.955012404629096423e+00,-2.334840955303691068e+00,9.444894027965737848e+00,-6.673125101553652350e+00,-5.957304523237295868e+00,2.106612555040968449e+00,8.482210411094569524e-01,-2.257229246916279575e+00,1.143443566328558481e+00,4.676191586585883186e+00,-2.024510212179448487e+01,-2.563230769197328840e-01,1.618027450674880541e+01,-2.353416861499899682e+01,-1.029004283413073928e+01,-2.138987963111502744e+00,4.755399721701740745e+00,2.365144025088668656e+01,2.314811940117341482e+00,3.699654031386540698e+00
-8.707216777436729060e+00,6.736602209768136618e+00,-2.039719649822688652e+01,1.367865009558595979e+01,1.333665142127716230e+01,-1.213063002032227899e+01,-7.836663981648992916e+00,1.918659826306128524e+00,-7.305221807957387625e+00,-6.731023450306729217e+00,2.160676271936412718e+01,-6.330149226853685640e+00,-2.353416861499898260e+01,5.205530228396479941e+01,2.243557993996108024e+01,-3.226939554390867215e+00,-1.495042718009716110e+00,-5.266198380398443391e+01,-1.626834180136041141e-01,1.866042716800116352e+01
6.958652076876827408e+00,5.887175742487358754e+00,-1.532310232366753233e+01,-8.031842415707601823e-01,1.349512589691294284e+00,-7.530021399830033602e+00,-5.857002228514577524e+00,5.364474449408109358e+00,-7.257823438604600330e-01,-2.355986907729881175e+00,1.871644663616309101e+00,1.118184673550548791e-01,-1.029004283413073395e+01,2.243557993996108380e+01,2.503406383773674548e+01,-2.350250813004860717e+00,2.809585096274799021e+00,-2.254723745375345345e+01,-6.759208749718330189e+00,2.694996717557204491e+00
-9.685087736966423222e+00,-2.643146615939190980e+00,1.397021098851186593e+01,5.886240714935643048e+00,4.406175139855203149e+00,1.821874288421434684e+01,1.441759683715516793e+01,-6.686411397835364312e+00,-9.421227434979011051e+00,7.921827918772365862e-02,-5.593189717810671979e+00,-5.241787438970396673e-01,-2.138987963111509849e+00,-3.226939554390858333e+00,-2.350250813004861605e+00,2.316115002684998814e+01,-7.194818387181903141e+00,-2.528441201229597812e+00,-1.695770933740393671e+00,-2.644054439125424594e+01
7.340503418501139521e+00,-4.014358941710289286e-01,-5.444323384933358767e+00,-9.617306913658135059e+00,-2.699742874715936214e+00,-6.249129980106890692e+00,-4.079652165222986682e+00,2.108607659487346186e+00,3.683913551609471870e+00,2.467533538684343331e+00,-9.126107426053714278e+00,-8.449410023009124027e-01,4.755399721701739857e+00,-1.495042718009712557e+00,2.809585096274801685e+00,-7.194818387181896036e+00,9.594483555543137143e+00,3.536011113001050088e+00,-3.939496329620147952e-01,1.131266598296922332e+01
9.551895955616213740e+00,-6.030928457740545312e+00,1.598640750944682054e+01,-1.097628221059405718e+01,-1.855870448647396032e+01,5.585425451278042130e-01,3.965677131718357895e+00,1.726229353841203462e+00,1.101939345245015289e+01,7.440370944980744916e+00,-1.779584919633494522e+01,5.108402860188680172e+00,2.365144025088667590e+01,-5.266198380398443391e+01,-2.254723745375345345e+01,-2.528441201229588042e+00,3.536011113001055861e+00,6.372363701263373059e+01,-2.390180925761515862e-01,-1.486339871755761877e+01
-3.335524494493010916e+00,-9.140143247513125013e-01,2.057187401459136478e+00,3.355296492023942534e+00,1.595591336104464686e+00,-2.378041742982316131e-01,-8.313942296793772613e-01,-2.101563186111883308e+00,-2.837917362008999689e+00,6.732329031924698670e-01,-4.471478039796564774e-01,-3.609969141938745185e+00,2.314811940117338374e+00,-1.626834180135957597e-01,-6.759208749718324860e+00,-1.695770933740393005e+00,-3.939496329620155723e-01,-2.390180925761603292e-01,5.494913322037794146e+00,8.097298044953163298e+00
-7.252750463681133297e+00,6.351598971175663522e+00,-1.827468495569159401e+01,1.004598194164097968e+01,-1.895363263272357379e+00,-2.012032609342088918e+01,-1.932076260049319316e+01,1.852884812582571206e+00,-5.301584363067841643e+00,4.675131627047674598e+00,-1.315941794211994420e+01,-7.267184876806368266e+00,3.699654031386546027e+00,1.866042716800115642e+01,2.694996717557211152e+00,-2.644054439125424238e+01,1.131266598296922155e+01,-1.486339871755760988e+01,8.097298044953157969e+00,6.658639682733706877e+01
