3.636370516491525873e+00,-2.359321976939276144e+00,2.515653035398516923e+00,-4.177057273592884812e+00,1.028374948670891076e+00,1.936996496221108144e+00,8.319322202027946700e-01,-7.433020851770937298e-01,5.337862678478568629e-02,-1.092595290642026651e+00,2.851039208487189391e+00,6.401701475611136782e-01,9.834257396290307929e-01,-2.960380988132135904e+00,-1.074404330237034966e+00,1.851819849282141162e+00,7.079452058485031785e-01,1.422414937181442962e+00,-4.559386143735302266e-01,-5.647456333037526477e+00
-2.359321976939263266e+00,8.808148013473791949e+00,-7.973873848168183009e+00,4.263160547008784995e+00,-1.995136825990318830e+00,-7.282291910233269938e+00,-3.433077987425012356e+00,3.054732346148429922e+00,2.024862986488647820e+00,2.178572681594171667e-01,-8.814064971463686504e+00,9.207572125736608326e-01,-1.031833192394740140e+00,6.881490137297117116e+00,1.218399744092096526e+01,8.376930720745667802e-01,4.942673969980566073e-01,-5.096286895569799746e+00,-6.190871716765911970e+00,4.552056911891633639e+00
2.515653035398501380e+00,-7.973873848168175904e+00,4.011627702777701643e+01,8.002507847910765193e+00,3.647293647219118640e+00,1.280992563665765260e+01,7.739880962175477386e+00,-1.677935177694400437e+01,-1.148048841853722557e+01,1.219022674441257559e+00,-1.635961823530071513e+01,1.178166691164119095e+00,7.175309437537478630e+00,-1.481816645810543420e+01,-1.547046336090899565e+01,1.343332209184421266e+01,-7.157093968479136592e+00,1.134528579657715142e+01,4.038395680000491872e+00,-2.311983461779338711e+01
-4.177057273592875042e+00,4.263160547008784107e+00,8.002507847910768746e+00,1.808491917431946305e+01,-5.482789578610621772e-01,-3.624232604164270732e+00,-4.740840443243895308e+00,-3.930309618659636239e+00,-7.337179929863890671e+00,1.420858767839603631e+00,-1.313289313860339291e+01,-7.327166084274986391e-01,3.700364506554859045e-01,1.970746062899857209e+00,3.896820775274134618e+00,1.579849251862443404e+00,-5.671557237125432138e+00,-3.807033712141045800e-01,-8.467625193596813871e-01,5.590530115273566913e+00
1.028374948670889966e+00,-1.995136825990325269e+00,3.647293647219117751e+00,-5.482789578610721692e-01,4.024550988501624182e+00,2.087310120047319195e+00,2.802388938506429561e+00,-2.457193700393509594e+00,-2.176863696954667582e-01,-9.685824059754402637e-02,-4.003267787315346382e+00,-1.639570657298347722e+00,7.517588003528909990e-01,-1.213433406833747119e+00,-9.981865145293347119e-01,2.457613225872388618e+00,5.499247913376223984e-01,-6.885891389540316210e-01,1.155780348874697827e+00,-4.623131125165068411e+00
1.936996496221091713e+00,-7.282291910233261945e+00,1.280992563665764550e+01,-3.624232604164272065e+00,2.087310120047313422e+00,1.267636532625302870e+01,8.270508641507021252e+00,-5.034787868319838822e+00,-3.995613624994253321e+00,-1.228427113681236117e-02,-6.706496753681113754e-01,-2.544516743822625160e-01,3.865619465236278973e+00,-1.294962350222305147e+01,-7.871364595515737861e+00,8.700782345306491194e+00,-2.464611094247652012e+00,8.895558425712538408e+00,2.179877082437834179e+00,-1.727804106463350209e+01
8.319322202027820135e-01,-3.433077987425003030e+00,7.739880962175467616e+00,-4.740840443243892643e+00,2.802388938506426896e+00,8.270508641507017700e+00,1.216799580531553993e+01,-3.315752686771924473e+00,-8.234462322685586200e-01,-1.098133156376763023e-02,-8.350046648151028705e+00,-1.468674349761886599e+00,3.640435678619911020e+00,-9.403088317894161108e+00,-1.253279219641667330e+00,1.148835960828745506e+01,5.296997588062266615e-01,8.281759138963819211e+00,-4.321902679354207022e-01,-2.239983282167506218e+01
-7.433020851770884008e-01,3.054732346148423261e+00,-1.677935177694399727e+01,-3.930309618659635351e+00,-2.457193700393509150e+00,-5.034787868319837933e+00,-3.315752686771925362e+00,8.145249462963869647e+00,5.638180537909546430e+00,-7.574015631603441268e-01,7.859491270554956444e+00,2.208568620263462456e-01,-2.595480520259101809e+00,4.866713458280966798e+00,5.365770443397988032e+00,-6.592412331704610828e+00,2.732417295996138140e+00,-2.910662736171650611e+00,-1.836536686914060024e+00,9.049148863527516795e+00
5.337862678479006473e-02,2.024862986488640271e+00,-1.148048841853722024e+01,-7.337179929863888894e+00,-2.176863696954698391e-01,-3.995613624994257762e+00,-8.234462322685646152e-01,5.638180537909547319e+00,1.116273913906836768e+01,6.845828896041665779e-01,3.166669362642738683e+00,1.208966142610969019e+00,-2.771078710504881304e+00,4.154177075354222204e+00,3.942074713127452501e-01,-8.002352537733687043e+00,3.551360398129709939e+00,-2.944913844051376017e+00,-7.385668596890397897e-01,6.298668112877424008e+00
-1.092595290642028427e+00,2.178572681594221627e-01,1.219022674441249565e+00,1.420858767839605630e+00,-9.685824059754566395e-02,-1.228427113681724095e-02,-1.098133156376975700e-02,-7.574015631603406851e-01,6.845828896041669109e-01,1.308748536567572618e+00,-2.052602654436926688e+00,-2.757758087225091748e-01,-5.378631986101389817e-01,4.583158919832788225e-01,-1.767161930843980766e+00,-5.475807014696284503e-01,-4.794525504782101710e-01,-1.009099815119092747e-01,1.054471367396897730e+00,1.417271398473896715e+00
2.851039208487187615e+00,-8.814064971463697162e+00,-1.635961823530070092e+01,-1.313289313860340179e+01,-4.003267787315371251e+00,-6.706496753681003842e-01,-8.350046648151019824e+00,7.859491270554959108e+00,3.166669362642740904e+00,-2.052602654436923579e+00,4.910617537547661016e+01,-3.085861253569972096e+00,-4.430128856302664175e+00,1.974139255621822908e+00,-1.899355113833130915e+01,-1.648321309996265072e+01,-2.620955799060570302e-01,-1.422690611176826270e+00,1.322024284618442991e+01,1.944872476377480197e+01
6.401701475611129011e-01,9.207572125736666058e-01,1.178166691164115765e+00,-7.327166084274928659e-01,-1.639570657298345058e+00,-2.544516743822672900e-01,-1.468674349761887710e+00,2.208568620263468285e-01,1.208966142610967687e+00,-2.757758087225086197e-01,-3.085861253569981866e+00,4.903104132630196510e+00,-6.013692601006325189e-01,-8.287282822111165237e-02,2.198544579385129705e+00,-2.563330637926299005e+00,1.321086056616368243e+00,-1.017420901420861279e-01,-3.872382276938843848e+00,2.074572413277148808e+00
9.834257396290275732e-01,-1.031833192394737031e+00,7.175309437537475077e+00,3.700364506554857935e-01,7.517588003528912211e-01,3.865619465236274976e+00,3.640435678619908799e+00,-2.595480520259100476e+00,-2.771078710504877751e+00,-5.378631986101378715e-01,-4.430128856302665064e+00,-6.013692601006319638e-01,3.449723897185042354e+00,-5.747644510563354459e+00,-6.210035054946795308e-01,6.542275542651281306e+00,-1.871426005844004203e+00,4.564170178568419445e+00,-7.188148016760091963e-01,-1.039536164777759097e+01
-2.960380988132121693e+00,6.881490137297110898e+00,-1.481816645810541289e+01,1.970746062899861650e+00,-1.213433406833741124e+00,-1.294962350222304970e+01,-9.403088317894161108e+00,4.866713458280958804e+00,4.154177075354209769e+00,4.583158919832760470e-01,1.974139255621812250e+00,-8.287282822111485814e-02,-5.747644510563356235e+00,1.914705576848969315e+01,7.684785876527840287e+00,-1.239870579297003239e+01,4.013309235421434806e+00,-1.593884631675878438e+01,-8.659254163400521564e-01,2.525209885097534723e+01
-1.074404330237013205e+00,1.218399744092095105e+01,-1.547046336090897967e+01,3.896820775274138171e+00,-9.981865145293160602e-01,-7.871364595515734308e+00,-1.253279219641671105e+00,5.365770443397978262e+00,3.942074713127365904e-01,-1.767161930843989870e+00,-1.899355113833130559e+01,2.198544579385125264e+00,-6.210035054946797528e-01,7.684785876527834958e+00,3.150047557196337422e+01,7.587480313585157177e+00,3.374704922656146522e+00,-7.014493120366607215e+00,-1.675570369987682540e+01,-2.312090656861848892e+00
1.851819849282142050e+00,8.376930720745695558e-01,1.343332209184420201e+01,1.579849251862437409e+00,2.457613225872393947e+00,8.700782345306491194e+00,1.148835960828745328e+01,-6.592412331704611717e+00,-8.002352537733678162e+00,-5.475807014696286723e-01,-1.648321309996263651e+01,-2.563330637926302114e+00,6.542275542651283970e+00,-1.239870579297003950e+01,7.587480313585149183e+00,2.575622836123253023e+01,-2.962360624218237426e+00,9.477775132570666727e+00,-5.735489922741202840e+00,-3.435734396134036217e+01
7.079452058485009580e-01,4.942673969980544424e-01,-7.157093968479125934e+00,-5.671557237125426809e+00,5.499247913376247299e-01,-2.464611094247652012e+00,5.296997588062256623e-01,2.732417295996133699e+00,3.551360398129705498e+00,-4.794525504782095604e-01,-2.620955799060599167e-01,1.321086056616368021e+00,-1.871426005844004425e+00,4.013309235421434806e+00,3.374704922656142081e+00,-2.962360624218237870e+00,5.597076856225977615e+00,-3.316150849995404659e+00,-1.670845411216824727e+00,3.055799297042200102e+00
1.422414937181432082e+00,-5.096286895569788200e+00,1.134528579657713365e+01,-3.807033712140970860e-01,-6.885891389540340635e-01,8.895558425712529527e+00,8.281759138963813882e+00,-2.910662736171646170e+00,-2.944913844051373353e+00,-1.009099815119082061e-01,-1.422690611176829156e+00,-1.017420901420851426e-01,4.564170178568419445e+00,-1.593884631675877550e+01,-7.014493120366595669e+00,9.477775132570661398e+00,-3.316150849995404215e+00,1.610904877789069189e+01,1.200505839844945299e+00,-2.135263246394409009e+01
-4.559386143735412733e-01,-6.190871716765895982e+00,4.038395680000470556e+00,-8.467625193596884925e-01,1.155780348874684726e+00,2.179877082437828406e+00,-4.321902679354192589e-01,-1.836536686914052030e+00,-7.385668596890311299e-01,1.054471367396901282e+00,1.322024284618442991e+01,-3.872382276938842960e+00,-7.188148016760109726e-01,-8.659254163400434967e-01,-1.675570369987681474e+01,-5.735489922741209057e+00,-1.670845411216825172e+00,1.200505839844943967e+00,1.146359103454434347e+01,5.795010294340063872e+00
-5.647456333037499832e+00,4.552056911891634527e+00,-2.311983461779337290e+01,5.590530115273567802e+00,-4.623131125165072852e+00,-1.727804106463350919e+01,-2.239983282167506928e+01,9.049148863527511466e+00,6.298668112877408909e+00,1.417271398473894717e+00,1.944872476377479842e+01,2.074572413277150584e+00,-1.039536164777759630e+01,2.525209885097535434e+01,-2.312090656861841342e+00,-3.435734396134036217e+01,3.055799297042199214e+00,-2.135263246394410075e+01,5.795010294340054990e+00,5.883924154907752069e+01
