6.830513717452594280e-01 9.177151043582436329e-02 8.339398194896172622e-01 8.490359467301712426e-01 3.731076460938849426e-02
1.674718147578917460e-01 7.929882796073030038e-01 2.541782457041957821e-02 9.358558931360314581e-01 5.456437792073376425e-02
7.835501516024316881e-01 3.613985883668844878e-01 5.298162454938794008e-01 9.232230200169153633e-01 1.753756579100297294e-02
4.389177165298505101e-01 4.912628203985878739e-01 4.317167750686801697e-01 1.478568914785931832e-01 9.015551280980266258e-02
4.582453730884204490e-01 4.541240968133273270e-01 7.225613181355554637e-01 4.139772890094167157e-01 2.896119090354193001e-02
4.273750082321627897e-01 3.651775015523420764e-01 4.365199531996635240e-01 5.467702942761637486e-02 2.913147625477041300e-02
8.837899200188439330e-01 7.291044846565736259e-01 7.422944348284957750e-01 2.757666978570087468e-01 4.753656780944854991e-03
4.245371438266056230e-01 4.183781427850376267e-02 6.680310168518686087e-01 6.287498289955527342e-02 3.222104259807001547e-02
8.272888113321249515e-01 5.456903628283924501e-01 6.622171686773579459e-03 5.119679942463969402e-01 1.670317481952129923e-02
9.812926195223008463e-01 2.462760687382494207e-01 4.822867076240658912e-01 2.437708536728332154e-01 7.942864778290213701e-02
8.441405139177033945e-01 3.517064042008017921e-01 9.605424961150169638e-01 1.644035461881789006e-01 3.116643348684212250e-02
6.135254030251516832e-01 6.878676212487668806e-01 9.321354277692121826e-02 8.105653170663749130e-01 7.180110051972292406e-02
7.919618911998056454e-01 6.001334310290137308e-01 8.566618476702800855e-01 3.227587431957456010e-01 6.347655381552326503e-02
4.666125485323519562e-01 7.882109859278813024e-01 5.114881509965105710e-01 6.786188050777358649e-01 1.842730520391809568e-02
2.207343843252944637e-01 5.357837655214423567e-01 6.395043162304385742e-01 7.992620839282167378e-01 2.330291898590450272e-02
5.194981379402892063e-01 5.207047790776103691e-01 7.195188994465783194e-01 3.424762854462761741e-01 7.976433551600551480e-03
2.168634252155983433e-01 4.403461288007998742e-01 8.046605411042541123e-01 4.870996274248045599e-01 7.328960795680704299e-02
8.068451654772621495e-01 2.635116441727191616e-01 1.982187736627586128e-01 5.605858338290082843e-01 2.750555932153400315e-02
1.065597223988500042e-01 1.993429453457092326e-01 9.103186341903366507e-01 8.694876436467914305e-01 3.179904236174749266e-02
8.393631346205919774e-01 2.257511811759841391e-01 5.916577451453677305e-01 8.919778572214084322e-01 6.566039205163592962e-02
8.167807184035479062e-02 3.187810590439469349e-01 3.345803121309792738e-01 8.877009539124466331e-01 1.308412989421239674e-02
4.122339987505186931e-01 9.805148767658793396e-01 6.494548604225355293e-01 7.083384865518016493e-01 4.436788320902634863e-02
4.158832770114992972e-01 3.882349318862566845e-01 2.061386726887296239e-01 5.246810979299513233e-01 3.835913151446798675e-02
9.241598474920371675e-01 6.603245906316035363e-01 9.569460384481613957e-01 8.092362465425028129e-01 6.774874929415672375e-02
5.904820815751509189e-01 7.840104043038101933e-01 7.714670417731545049e-02 6.570724254616751026e-01 8.211860011046874519e-02
9.413842534248227922e-01 1.209650836271946445e-02 4.440821909344874197e-01 8.347366566058392889e-01 3.431144447372219252e-03
3.114036089963370113e-01 3.000242575362516151e-01 7.342668054595037352e-01 4.025074968805946729e-01 6.820612101047519860e-02
2.795793808769457822e-01 7.316443031338186742e-01 6.787205871110263411e-01 9.935090151122960567e-01 8.297637057654444481e-02
3.702599098420322199e-01 9.003871764971496106e-01 1.649704264653182872e-01 7.701615972509928687e-01 8.857214773666394203e-02
8.108077258799877285e-01 4.999653313530540988e-01 6.168416616133798325e-01 6.882018931729272371e-01 4.588772652839787081e-02
8.457882711148029253e-01 5.628171616333463856e-01 8.684764724958620175e-01 2.128304873678631137e-01 3.914461807863682356e-03
1.736897482683429084e-02 3.434924175156361947e-01 9.319999663727728256e-01 6.395821030270089080e-01 7.526784561868439527e-02
4.827338386637618495e-01 5.892489543196394175e-01 3.603799930806898533e-01 2.317226028654478520e-01 7.436091272896522275e-02
8.239712913459034116e-01 8.121711593557496113e-04 7.552269927157074791e-01 2.562212156412087549e-01 7.236922142059172558e-02
2.591646025647391105e-01 7.759258727801083833e-01 3.182122830290674553e-01 3.853242393357683704e-01 9.079458555660595287e-02
6.452181751498138329e-01 9.477874155157978153e-01 9.725811841644939060e-01 9.406371214558842953e-01 4.335727707080456843e-03
3.406371861962257941e-01 1.819585556232904411e-01 1.706356666077214019e-03 1.179081046235065933e-01 9.337165832162926116e-02
5.678578040105464186e-01 9.152262403141533387e-01 3.978644729809369673e-01 7.558397757579732312e-01 5.112059431048605884e-02
9.170538998030193234e-01 7.532853500655297685e-01 9.973467341249832030e-01 8.797413390484775109e-01 9.451812112357610429e-02
4.760415521114386150e-02 6.436877849602713475e-01 1.039974920948860820e-01 7.830793299106701966e-01 7.049474526017350529e-02
7.731353642304267249e-01 8.024496257028486124e-01 5.727927969443546985e-01 6.328926620089256883e-01 9.594916824657008514e-02
6.859630650905255145e-01 8.459480319772521018e-01 5.845216739905571002e-01 6.189752299881559061e-01 3.752888713575923407e-02
7.218601372558535179e-01 1.656074635542490736e-01 1.679058560636803032e-01 6.110721893616175571e-01 5.506052938521750761e-03
7.443097101868336729e-01 5.371445314414153432e-02 1.319251143866092268e-01 2.667486588382855794e-01 4.813733046748325251e-02
4.469873954042654640e-01 8.289096984172326099e-01 6.559362418299440334e-01 4.243776349934090808e-01 7.619836349517279672e-02
7.889657645674761355e-01 1.549436218390803643e-01 9.829842796459535847e-01 4.909736591437863229e-01 2.417898100858361168e-02
5.006985004343451617e-01 2.974326107162849064e-01 9.887942520501906696e-01 7.259512642765089119e-01 9.442705403396117747e-02
1.567182000049701096e-01 1.589034202856350886e-01 8.852582620230345922e-01 7.896232620460541529e-01 7.279818592124240317e-02
5.830987186176616044e-01 7.039663697897435846e-01 1.754347488181202119e-01 1.319869052601091719e-01 5.302972547657060221e-02
2.851519866888032606e-01 1.152660892312055846e-01 9.295286345765293445e-01 3.592342104331163744e-01 2.466152020001647141e-02
5.502436690935951225e-01 5.829609286985227845e-01 2.105628702287033471e-01 9.150596068081466861e-01 4.799024138350929669e-02
8.171072928071733132e-01 1.600313102834789725e-01 6.103640872591724609e-01 9.892460555065014649e-01 8.489166180594406863e-02
1.322424656800727516e-01 9.982928504839873318e-02 5.531432133427136577e-01 4.830613534864316438e-01 6.644307339896483866e-02
9.360550216959582226e-01 5.697946847743160514e-01 2.716260220035705553e-01 7.165623780621825922e-01 1.121411529292208912e-03
7.502367396644549213e-01 8.062062002046345155e-01 5.201583969625435122e-01 9.546608351507241963e-01 2.007477137686845825e-02
5.347723750194061099e-01 2.448257550702681237e-02 6.954533570943854937e-01 4.787903180046494400e-01 9.132457738719920726e-02
8.571109361347020172e-01 6.599600745992997286e-01 4.954888002368639244e-01 6.214958836513456708e-01 1.585287386460456846e-02
7.559352328493788020e-01 1.470768161171844279e-01 5.665682867074031681e-02 3.354123304288389451e-01 1.700335558589696414e-02
9.659009021566832276e-01 7.126885938143434629e-01 9.658359553123345709e-01 2.848257746822601133e-01 8.806133025697490679e-02
2.669762885634793803e-01 1.439595222456004076e-01 9.031608202815232245e-01 2.029041437086517574e-01 6.469184452947357444e-02
2.413880421979193169e-01 1.746254197383044493e-01 3.074005710450011808e-02 9.662411768329514095e-01 9.210297189805742579e-02
5.080389711142735409e-01 4.214273543854265003e-01 2.564686301761705534e-01 6.264822310792433901e-01 6.984964001385800259e-02
2.333317319858591588e-01 4.327876691171175239e-01 3.069715875555395490e-01 9.640441054850388269e-01 1.107981756796342504e-02
6.975568252180297524e-01 9.096452316550902584e-01 2.896867162812480356e-01 8.251491199652023489e-01 4.972654664008212960e-02
7.242358301353853112e-02 8.412241443612362701e-01 2.625186307000942354e-01 1.133249622044475713e-01 9.683284590039677175e-02
1.488294290380794971e-01 1.242949969883054284e-01 2.663166056408921012e-01 5.737218562939364608e-01 4.927392507155097662e-02
9.737573057613635452e-01 8.115791977569175586e-01 5.321367701495459679e-01 2.037293636457705726e-02 5.264985220040760416e-02
5.712584397189732766e-01 2.091545553494880416e-01 7.799021827578225263e-01 1.984344390166295491e-01 7.109815542522651688e-02
7.255276009858516728e-01 2.148011816935032070e-01 8.621202849538150970e-01 4.746968144323986116e-02 9.823264317780172616e-02
6.512299924587505728e-01 3.985283976920571125e-01 4.751887893392433559e-01 8.035915279175477322e-01 5.516882630985445179e-02
2.406262106814293505e-02 8.574658024140872081e-01 1.114795363423228131e-01 3.945037496456698656e-01 5.213535586147668988e-02
4.525853740774739009e-01 1.865728851377348729e-01 7.873291596266265291e-01 1.942991500370661040e-01 5.695155486139970302e-02
8.530775397973963114e-01 8.245978097937450846e-01 5.959104198915291528e-01 8.836384514398720746e-01 6.052065781714201231e-02
9.596964943515778890e-01 5.441035445578019658e-01 6.633672439797800857e-01 3.226290760495509379e-04 1.234618928956292272e-02
4.076337787315385541e-01 3.259710892655688363e-01 1.924525324331310960e-01 7.417632684291458611e-01 5.550964758418561878e-02
1.434753975934475456e-01 6.814473796235556158e-01 4.281961913353909965e-01 2.903718046694940824e-01 6.382192336913258823e-02
3.828376753352538686e-02 4.254107842408414997e-01 8.184121622977147403e-01 3.109599058656600801e-01 5.897796746106303417e-02
4.969359852670330868e-01 4.589579534255338045e-01 8.984998378097054372e-01 5.656099158354136458e-01 5.783988718489210812e-02
2.079827107277087417e-01 9.623143528773532296e-01 4.670291800736865728e-02 6.835145027668193540e-01 6.417401617684626025e-02
2.385749892883049228e-01 4.733259896145738388e-01 8.149662083864555040e-01 3.157490110384992277e-01 8.309331624612735501e-02
5.375934917814071401e-01 4.037306599308920219e-01 3.469277949311163622e-01 3.506348777430690067e-01 9.455652268621314582e-03
3.667226320283112906e-01 7.637855007023517384e-01 4.052160207714060047e-01 1.750483185864672164e-01 1.057298476000519127e-02
3.963990160674372709e-01 8.955835509495904123e-01 3.423115906199621916e-01 1.389718759677394458e-02 3.672637580106762056e-02
9.073803017352698452e-01 5.336184523473342933e-01 2.247498037120559400e-01 2.072875473899590537e-01 2.814152883326723198e-02
1.544642763012289421e-01 6.072839503657999627e-01 8.270062255801314821e-01 5.311059425437152370e-01 4.468432364528913958e-02
3.338730311826886843e-01 2.734499045767605288e-02 2.794379333139391242e-01 8.710776211638996402e-01 3.386219868845622566e-02
8.043976577029763320e-01 4.098445731727251018e-01 3.800799774789075380e-01 7.594512395313052222e-02 9.155180674985805012e-02
6.921171459936632520e-01 9.272531640558681065e-01 1.526983274416887915e-01 7.490753254689416218e-01 2.385719435018396339e-02
5.440703910569397728e-01 8.363880614691795445e-01 9.539381181460002135e-02 2.530584761950803729e-01 3.014042844758957340e-02
2.255199533112662580e-01 9.504262167337816924e-01 2.545887101113428752e-01 3.618860607765641002e-01 4.724417374958043286e-02
3.545188340535820881e-01 2.358359518899627583e-01 3.250800247226122708e-01 9.579337131376919334e-01 6.113801629355730682e-02
4.009734007685246404e-02 7.593585738287864650e-01 4.858451010291326422e-01 4.308511668842742171e-01 9.947117545352754386e-02
4.718406729006669464e-01 9.420496199560455253e-01 4.682750345786463875e-01 8.784460573467539612e-02 8.195439538850766981e-02
8.924604929571592349e-01 8.836353527868604507e-01 7.148563528120817079e-01 8.970402942588465711e-01 9.777486042537568423e-02
9.300057448032958973e-01 5.503620829411599580e-01 6.260631660541875476e-01 8.402364159742337080e-01 1.603396275861527012e-02
9.256270422353986282e-02 5.586151131854200091e-01 9.492014247161910667e-01 6.731875203150353704e-01 7.836284787654197725e-02
1.385099332806461747e-01 4.870542870279180869e-01 5.596442616431607231e-01 8.363598471688579172e-01 4.263101577108225487e-02
9.118875495562567268e-01 3.235471516618020904e-01 9.202708103053920397e-01 6.603406462392429344e-01 4.650870734761337888e-02
7.690192413349046241e-01 6.203628687295685840e-01 3.695590064627461424e-01 5.964851391431277849e-02 8.597593643930256067e-04
7.466023993278695370e-01 9.341744241396918724e-01 4.469134739514090682e-01 6.002462270391497601e-01 2.712523593530341212e-02
2.837065797069338036e-01 9.664693535627920662e-01 2.847585914317407596e-01 4.085870584914175208e-01 9.622353994191414073e-02
6.778138263761301907e-02 4.156145213368964142e-01 5.483819748007530415e-02 2.616341416663305885e-01 6.942186382571712000e-02
1.157792271771137110e-01 9.987731073582939434e-01 6.224615852168070562e-01 3.485743628610259992e-01 5.948041553296792849e-02
6.361660284563755985e-01 5.135329498132502613e-01 3.798901194374126877e-01 1.213149712104763245e-01 2.214969295118113246e-02
2.145452809734692545e-01 2.944143280673081065e-01 2.277289961100186222e-01 2.541634654616589661e-02 4.309302326550277368e-02
4.767166428529918676e-01 6.961773672094014875e-01 2.199659136722125763e-01 4.265780541559874850e-01 3.641152533285190590e-02
3.167443569488592181e-01 3.815407060465025313e-01 4.596834013546945985e-01 2.997038738226417975e-01 4.045946864655584896e-02
8.652148637548672250e-01 6.746756935291690904e-02 8.448656742478289905e-01 9.471734348549647464e-01 4.230366911816656195e-02
2.452482875033718812e-01 3.560915481031709517e-01 3.211742867775251309e-01 7.692592939837403776e-01 2.602277318861572299e-04
4.328778789325005705e-01 7.289010290185758689e-02 6.898382946221724987e-01 9.979658513204839876e-01 6.749551014419681583e-02
5.770166122287266885e-01 8.623730615532025912e-01 5.693733774293028294e-01 2.747555251596234815e-01 6.669783421473511609e-02
3.017162623168794799e-01 4.778338929174469896e-01 3.703148839661206670e-01 4.151355425578311803e-02 7.980923358570675419e-02
5.291594498347392816e-01 5.996279053919015833e-01 8.248459398999594683e-01 1.364225104485210505e-01 1.988548562592189553e-02
9.973618880761201400e-01 5.287964615655176281e-01 8.356978395004179827e-01 5.023397575447632324e-01 5.816238541348570101e-02
6.745323501059987681e-01 9.231539434281041956e-01 4.150613088714393273e-01 5.877556655423410437e-01 6.000894804022943035e-02
9.616563310001704501e-01 2.817706126206233064e-01 2.248415041260305725e-02 9.729900618202098617e-01 5.365683126741482845e-02
1.645560520060123655e-01 9.579702187504033351e-01 6.072119324165070609e-01 3.700818134004578153e-01 7.098299851062057908e-02
1.996919281356112352e-01 6.182253732524701784e-01 5.186352652792215467e-01 8.208812455149562259e-01 8.055712258970340600e-02
6.641562969837553343e-01 1.254342155425584859e-01 7.509780214947374688e-01 5.988978566774134649e-01 1.250300168103381064e-02
8.860590197708792526e-02 2.740205807722810860e-01 2.957929930544395680e-01 5.387606470759281896e-01 2.620053332046557576e-02
6.042759785794722394e-01 7.809238253118500062e-02 3.854106426390072060e-02 1.411553787932376125e-01 8.909974357865861616e-02
3.592461734701880571e-01 9.927337664753613788e-01 1.746287594298013834e-01 9.820238831045806360e-02 8.967512976238291994e-03
1.853191740931376397e-01 9.396624955758482445e-01 7.057576171380601782e-01 6.061135311780430079e-01 1.435704732202415859e-02
3.457949978953748782e-01 2.797676142114189912e-01 2.948335849250477980e-01 4.449210702757985803e-01 1.047181747153133440e-02
8.884872935050877052e-01 7.186935073377584970e-01 7.004175331183567499e-01 5.065638683001709719e-01 5.018998196148902885e-02
1.766878935580560861e-01 6.925427974190019320e-01 8.968185653057914042e-02 8.197338434044050270e-01 1.385539042517340558e-02
4.893148948220191197e-01 6.707514092568906960e-01 4.232267785006992300e-01 5.184177336365956013e-01 9.983185626597151918e-02
3.924952328982379002e-01 6.671740331471841534e-01 1.221906326619658784e-01 4.524797218534516996e-01 8.278998161506545203e-03
6.666105286115112660e-01 1.082924507333650338e-01 3.865568474112359709e-01 6.956361389372937021e-01 3.400203303239236752e-02
2.624888520602621234e-01 7.357865160170984353e-01 8.061697382626146213e-01 3.009557301171781885e-01 8.527170110361416422e-02
1.747518922084919102e-01 5.759352821733749322e-02 2.361512376896558185e-01 3.286580093414874781e-01 8.581729092442753892e-02
1.218143280067810336e-01 9.856313193885680723e-01 6.731018708881544299e-01 2.221732712411216559e-01 2.698218125290035088e-02
7.195045338702876769e-01 4.828627694090251166e-01 3.528734907592260828e-01 6.473689865500660279e-01 6.523392245266764616e-03
3.408400043004892327e-02 6.380945823220923740e-01 6.014181246788184998e-01 1.571634046353324599e-01 4.893173836496432505e-02
4.600688152082912930e-01 3.101853156183154714e-01 7.846408232969797059e-01 8.346614293624754488e-02 5.184565551462042704e-02
5.881735432175149159e-01 1.108239746876257953e-01 7.987434914074348358e-01 4.370349401454391991e-01 9.871890321697468496e-02
9.946707963994640966e-01 8.882743664084252755e-01 7.666050012635655664e-01 2.463206530902586622e-01 4.376201480815706396e-02
9.754182983404900975e-01 8.917634228522283157e-01 3.032848658168744160e-01 6.418054272427811124e-01 2.559789423460930025e-02
2.642838607248144782e-03 6.139597399286698953e-02 3.552278989237310225e-01 6.842917765850951850e-02 6.192898698052369533e-02
6.335466937767438855e-01 1.931127344161339132e-01 3.118508283234003864e-01 2.286466232712360824e-01 1.913830361269223349e-03
1.113719802914353713e-01 2.328321415459816413e-01 1.480970129972387639e-01 6.685803355193398190e-01 5.342512743827083910e-03
8.762610598054261235e-01 3.313045352780041863e-01 2.317561399888151963e-01 4.625358060729253262e-01 2.526379160632682974e-02
8.639384001786220013e-01 8.584325996189016983e-03 4.145729650121384724e-01 5.503836921057827514e-01 8.039096414089867693e-02
5.107654359535696020e-01 9.750150671539220548e-01 8.197859557985784362e-02 9.030315600487621719e-01 7.453377744541185568e-02
7.642181614732834749e-02 2.229164206280077609e-01 9.785822384091190651e-01 5.559942052980033633e-01 3.312530881291472773e-02
3.750791363487009922e-01 6.469026774278646696e-01 7.195366296603393497e-02 5.262423429948018816e-01 3.085371504172201851e-02
7.138661572231558283e-01 2.581197781361723731e-01 4.917692950699893428e-01 4.599355081844705428e-01 8.129017251332829042e-02
6.065865973065889122e-02 1.762975687206073394e-01 7.704014046644009905e-01 1.771853920831571380e-02 4.643260944998370277e-02
3.354742851239608803e-01 3.792969500435266483e-01 9.431526099908786875e-01 4.465849371286342850e-01 8.356622525224316478e-02
9.533144733710077201e-01 7.223886499604997846e-01 1.367753609917343738e-01 1.665792450708379890e-01 7.133970713741101706e-03
7.057094647058061998e-01 5.058077709899436725e-01 6.508664207528768175e-01 1.288966511018040939e-01 5.977001833915134704e-02
6.257833092408798814e-01 1.354641442722345490e-01 1.409726110827328738e-01 9.250960865995796478e-01 3.584158384968080119e-02
8.958108400646320746e-01 1.328280113849663879e-01 6.448214143507781104e-01 3.959453161974785251e-01 7.568760494160969854e-02
2.048298769687652288e-01 5.786690686165919528e-01 7.914685827433457499e-01 3.810064644962325997e-01 5.439311559861238765e-02
7.000620381994427932e-01 2.009241358573952696e-01 7.622752317141160416e-01 3.091870410056286600e-01 1.514207028953074366e-02
1.946208881399757173e-01 9.742786237055083287e-01 9.518418412601780121e-01 1.075536285766253430e-01 3.519678529531234529e-02
1.262440391504406900e-01 3.373184757664713929e-01 7.452297376464692702e-01 5.844477255238840208e-01 8.798832158549674265e-02
9.869840199027288957e-03 3.462645305042864885e-02 9.355348917559800359e-01 1.879020606321926690e-01 5.633642694545631935e-02
6.571088997287216626e-01 1.014861076537878909e-01 5.494270534075261780e-01 3.671739160034926397e-01 9.374892679282459396e-02
2.941977485181991314e-01 8.461515962906876465e-02 1.148872408319485949e-02 9.785641188372763422e-01 6.310751537817288828e-03
7.799683116596217713e-01 2.652572298279158303e-01 1.084387037128751591e-01 9.124266540290284500e-01 2.982630078850262087e-02
1.193787456284877042e-02 5.013611364678917104e-01 1.287095215006018312e-01 9.807349731854703156e-01 6.512394077140282178e-02
9.002250755457975595e-01 8.508866821280173243e-01 4.009240252200117482e-01 7.931437227496556108e-01 4.537534451778058725e-02
3.058586139835136053e-01 5.182840736134544102e-01 7.388886532887321001e-01 7.751349131616426247e-01 9.977005282224837845e-03
2.522048150182277237e-01 6.330551793054028931e-01 6.944881752019552712e-01 8.529232427265833749e-01 7.683173614934675488e-02
5.594070966947486401e-01 4.450062318830879660e-01 7.269317288309011804e-01 7.021620379348320062e-01 5.063057557808323811e-02
5.633191827305326083e-01 2.179458919594350619e-01 1.891129825491513206e-01 2.185321030386020158e-01 8.956930680118539712e-02
1.826804769945812590e-01 2.423484751112925661e-01 1.818278678363992040e-01 7.371289759188559554e-01 7.389412121818413060e-02
3.211473465516096470e-01 4.678708831731610562e-01 6.328346951455188218e-02 1.804669483551495368e-01 7.739084585637887037e-02
9.280758007685987465e-01 4.634064337417044266e-01 5.796419616043659850e-01 8.591526067318219217e-01 7.863028062683369290e-02
8.728575553760096195e-01 6.530552276803730516e-01 5.636134166123585310e-01 3.944586665028720213e-02 2.292193806381147975e-02
3.634305749247249695e-01 5.923308571094485497e-01 5.390400469106670922e-01 3.170791400974987823e-02 9.504887146230120432e-02
8.327465296265786909e-01 4.118385768447384576e-01 1.585684678019713412e-01 5.443306226889421673e-01 2.516244377205795624e-03
7.308266786793555791e-01 7.411800981656131437e-01 5.427487379921710486e-01 7.107382570697406976e-01 8.444850708258738736e-02
3.836617718958946766e-01 6.137014014766248859e-01 1.832074028374885283e-02 5.467442056970089892e-01 1.867923630517550476e-02
5.979149711865778816e-01 3.909765923675268540e-01 1.151657221796532071e-01 9.329449623035962480e-01 2.130189488562220235e-02
9.701266211283497698e-02 8.720073085799407986e-01 6.658163778180901937e-02 7.619741673732695064e-01 3.977492099917953605e-02
3.265582064240335480e-01 8.693449380919596736e-01 2.485765981768857658e-01 9.215848829876487416e-03 4.141483825132563634e-02
9.490052776725131922e-01 8.683479643221522770e-02 5.880864697386523066e-01 7.411950242951650947e-02 2.317308702431751782e-03
5.724861408320620210e-02 1.817846478808482144e-02 3.398940887532820310e-01 7.310764592630480951e-01 9.710320521825739626e-02
6.201297269490863018e-01 9.129853970816167452e-01 5.062148878251186979e-01 8.616044953815915619e-01 7.765347368015790286e-02
5.090163163892594267e-02 3.735262050355857011e-01 4.210127791158822103e-02 9.078405797765867202e-01 3.926193014333445586e-02
4.904006951816480830e-01 3.488756655836010578e-01 8.715230788079979529e-01 1.536007660465699975e-01 1.940097675645410802e-02
6.168550942318238306e-01 3.060043632014934345e-01 4.638089042149856622e-01 4.650472424396420723e-01 8.691143718304755739e-02
4.022296785920043138e-01 7.675960191269177724e-01 2.011067627343444686e-01 4.171862884815066841e-01 3.277153991725553078e-02
7.626720599736310779e-01 8.183091562754370996e-01 4.736105157102576957e-01 4.746130742395343605e-01 2.167682206241280593e-02
2.740829572747464082e-01 7.994517096479274443e-01 3.925843242040433778e-01 6.537720213783202450e-01 4.159454814658228305e-02
6.084840245605717124e-01 8.317825169341976910e-01 8.532892159684108968e-01 7.246686854052497573e-01 6.242775604549156976e-02
7.380180448303629293e-01 3.546477644399784190e-02 8.484916427214809209e-01 2.366809233076910823e-01 5.735813387152297049e-02
6.400698236995219226e-01 7.731322909547986288e-01 2.437136962395644313e-01 2.889034138595133472e-01 8.610544663628720563e-02
3.856547626593314626e-01 7.475788471181228356e-01 8.830480683024383159e-01 1.016859560790417116e-01 3.894890566846445634e-02
2.821750556106329341e-02 4.677258849258777301e-02 6.813183465252232729e-01 7.533795660376398917e-01 6.899317891466762165e-02
6.763028123942157466e-01 2.853460394718711490e-01 8.789675206667149077e-01 3.783174229316970671e-01 3.481397633509724504e-02
2.993229688512927811e-01 4.390170425452203373e-01 9.908044601530133777e-01 4.988462860819832256e-01 1.465412843706832315e-02
9.897147414933701315e-01 7.092490404626645706e-01 6.314300033049563554e-01 6.918875807875866091e-01 6.274213206085531291e-02
5.236741529479074231e-01 5.724269311640902691e-01 9.093694351997479997e-01 1.720263205619448899e-01 1.173429144974198583e-02
1.024197943689428708e-01 6.286893782361319127e-01 8.933097611506919389e-01 5.793728027224244181e-01 2.083465688737728624e-02
7.961606074763850627e-01 2.516571826093284558e-01 5.004106270856276684e-01 5.949243384755070752e-01 4.093217096766570834e-02
5.491139344336859462e-01 8.767279363823398119e-01 9.187572168716249266e-01 3.320770759979569386e-01 9.287747998954344608e-02
4.448161218151851504e-01 6.763297238733615435e-01 4.541735393605444981e-01 9.244708643731634756e-02 8.741122115601261677e-02
