5.900709566568518305e-01 8.838710924999264584e-01 5.787009038112419512e-01 5.030068171863398829e-01 3.494929196659481846e-02
3.710305977998056837e-01 1.081518836543243489e-01 8.758896351486493703e-01 5.977867612434483169e-01 6.199885840102478674e-02
2.024062812175212722e-01 6.529098379194441248e-01 7.185202606144276416e-01 1.978423667144869613e-01 8.524061581831961221e-02
3.223948924754729828e-02 2.306809931173386952e-01 9.683707730088786381e-01 4.515392065395106291e-01 5.746766601310524664e-02
8.183088227714160334e-01 8.571672598258212039e-01 3.541105235569382836e-01 3.355732294528020465e-01 5.483218265837089961e-02
3.615391027788635858e-01 7.726702526719247954e-01 6.944331855001710796e-01 2.111698602557210147e-01 1.311269733703934737e-02
1.315773881901500519e-01 3.629045876120001735e-01 8.447215019356441035e-01 2.806228676071458872e-01 1.236531033152305685e-03
7.986878465339659616e-01 5.631881255713795387e-01 4.348275454269379670e-01 4.236437454066596664e-01 5.316444061503061008e-02
4.599347821489279675e-01 4.291044041343343718e-01 5.235668006919258488e-01 6.007879291422641987e-01 4.958923682423665991e-02
7.273061638237274806e-01 3.057133296964545943e-01 3.117154046269227652e-01 1.654751106765518509e-01 9.666560067232680964e-02
8.430048236521454630e-01 3.953653838650234009e-01 5.429549715412418376e-01 8.379264459476930549e-01 8.240935059334822399e-02
6.015915664699562904e-02 7.495042213051524849e-01 8.122044299156501168e-01 2.431496079336922245e-01 7.858247618343363119e-03
6.882610213309892089e-01 9.551223518985515470e-01 9.322832792748158015e-01 1.298466508196930713e-01 5.895535403215751945e-03
9.574870633725716118e-01 5.906561007574577804e-01 3.980643524563097224e-01 5.220271147899289976e-02 8.790476734665166048e-02
5.420811283263997638e-01 8.865626019809613734e-02 6.364109957707494436e-01 7.121421415278375022e-01 9.819447135501334356e-02
9.738410525051216515e-02 9.683891413031843198e-01 2.476854984363114354e-01 8.921225975810733733e-01 6.789116650439928902e-02
6.376549914160934973e-01 8.185456739324840081e-01 2.146200466417952923e-01 1.692227110742078322e-02 4.133870967197990354e-02
4.124055115293498996e-01 2.228276913061540132e-02 7.466740192912357799e-01 6.519378941147615514e-01 6.509089404859359773e-02
3.018106418720613582e-01 1.646624557585384951e-01 2.868780223131225937e-02 4.708617790683422011e-01 2.360354960524492160e-02
6.102772896359287547e-01 2.840063726397687449e-01 5.961160959894129530e-02 8.088617247977726576e-02 2.903663394085217661e-02
4.760552934488698762e-01 2.365255763173874370e-01 9.484597721383245528e-01 8.206087927274401395e-01 1.526579232745894389e-02
2.991939874314351044e-01 4.997891029109284844e-01 7.995336033198845449e-01 9.448977034541895526e-01 7.683443508754946027e-02
1.423267013358147370e-01 3.361179158814503465e-02 1.190283901124256916e-01 9.861323081776182109e-01 4.388167281664712843e-02
1.922604541779353027e-01 6.762144241101225584e-01 1.689125697782944968e-01 7.354201155314055161e-01 7.599629417461589709e-02
9.294731824234228057e-01 1.859338685888792808e-01 1.563766203101421559e-01 5.398264149516062149e-01 2.214325818447668640e-02
9.861600882289309755e-01 9.306309931577629868e-01 6.116940955337509811e-01 3.266487400603765301e-01 9.010608532279129612e-02
5.125695690691964845e-01 5.072357448179278805e-01 4.316898150335097273e-01 3.976977802406170825e-01 1.722430679117286853e-02
8.901323930640738791e-01 6.291627175284998374e-01 4.975970385234848581e-01 6.884236809067071361e-01 7.323051748921718951e-02
7.519963006041867626e-01 7.138659031673604272e-01 8.162331339485462411e-02 9.328838114601863962e-01 3.211577482961792962e-02
2.451153847147995446e-01 4.662931220679607525e-01 2.799337283301006063e-01 7.900620393550620291e-01 3.939969418382639060e-02
