3.706027931233415273e+01 2.133177565774237117e+00 3.374237227894695934e+01 3.517715410863586811e+01 3.409138062566812977e+01 9.541578670851443178e+01
3.423714858946262041e+01 1.016778537910685998e+01 3.186528440351743541e+01 2.272266652336780624e+01 8.389031165404823298e+01 5.223531385632808366e+01
1.167060227301073283e+01 2.947754130651826188e+01 1.082352235047765632e+01 4.662686768721095720e-02 6.764463499381862732e+01 1.218552050541862286e+01
2.199854954207129509e+01 3.475257826868228506e+01 1.529170233973433568e+01 2.551320918676669791e+01 8.181628304751913561e+01 5.878927376407099281e+00
2.362163549638937354e+01 2.098037606534349209e+01 2.783240826900511777e+01 2.747207470285697539e+01 8.892280919687787843e+01 1.607261017968451000e+01
1.200346620010956933e+01 3.667203342576614489e+01 8.826382499153906380e+00 3.658642155598524681e+01 1.627805241133516034e+01 7.697553590964086823e+01
1.578548244183697769e+01 3.571152877982661344e+00 1.426780529111506368e+01 1.875746967060473835e+01 5.669760477250829211e+00 9.081621802685205580e+01
8.918300649391241564e+00 2.841020618532567710e+01 1.989285406370564857e+01 3.225469475461751045e+01 7.243254169709096857e+01 1.973766270915862009e+01
1.972953040331753272e+01 2.211386546036470335e+01 4.654254443416136588e+00 1.778722763763176928e+01 5.192033064791264962e+01 2.787900377173705024e+01
4.675679525721757379e+00 8.421140538519519936e+00 3.692601300215167726e+01 1.382343719586686248e+01 9.822451389957576851e+01 8.132107824293593978e+01
1.722414906075167096e+01 1.920873131890544983e+01 9.884861560273357384e+00 2.471213330528974694e+01 3.908867298603333751e+01 7.315912945497422015e+01
5.666235310581053675e+00 3.097561097440285494e+01 7.113338763121933361e+00 3.819143009349441797e+01 1.036260372112855421e+01 4.706107163240612579e+01
3.047611647152130843e+01 1.328383980510132112e+01 2.421060457062386462e+01 5.925382882553254404e+00 9.443102000835790477e+01 6.528117532052327476e+01
2.721671173862825199e+01 2.437230592178126543e+01 3.317046717622004337e+01 3.461922904291233749e+01 5.378083281153869422e+01 8.421328600369632511e+01
3.539460403449492532e+01 4.687777075643123403e+00 2.955618148688450830e+01 1.491817163930309498e+01 1.701951844914033174e+01 5.454890354413465303e+01
6.492015916547952958e-01 3.204076002072545748e+01 2.178289094349540278e+01 2.867534174288995530e+01 9.077115613529690563e+01 4.037745898525578525e+01
2.866036457061135856e+00 3.780889341529678660e+01 2.875441965284249690e+01 7.023662151815214472e+00 4.871230156524510591e+01 6.244713049069915201e+01
2.417809763162997783e+01 1.808990042797363174e+01 2.048556435970692924e+00 1.228225367355321040e+01 2.756042050581039149e+01 3.150879382589659627e+01
2.324933690292234179e+00 3.995319940984547458e+01 3.910802620934511964e+01 2.066870634423399267e+01 7.083058660969955511e+00 9.509481601735739531e+00
3.169555544656582313e+01 1.683299041327367718e+01 2.654967808684689601e+01 1.731840977115744451e+01 2.268507459271567228e+01 7.634828915234513147e+01
1.794218065891017488e+01 2.792496904580865547e+01 1.232715152902730082e+01 9.482414310839731186e+00 6.173363112537463593e+01 2.602932008766406291e+00
6.820930710473454894e+00 1.595693808389390789e+01 4.767808590674182945e-01 3.584332360063782641e+00 7.492074091426808025e+01 2.637339058246562118e+01
1.019240638399521615e+01 6.392871351794667589e+00 3.945047198123650123e+00 4.735863188586656669e+00 4.057567465736244827e+01 9.856296079812504729e+01
3.997148106937368794e+01 2.324977102108109150e+01 3.796927062248039420e+01 3.951562298769178483e+01 4.558367991668023933e+01 2.004611156630237190e+01
2.124867218763201393e+01 7.416724670759120563e-01 1.827767075969399002e+01 8.597724279782163137e+00 5.882698553994454471e+01 3.886949975445516259e+01
2.555144460147506535e+01 7.739456992552958603e+00 5.340702025874644043e+00 3.012632179739792093e+01 3.017000849045784960e+01 8.885129428024447407e+01
3.240303088179440039e+01 2.632488634258836058e+01 3.593221941514959639e+01 2.326265136768878250e+00 7.918806228868164965e+01 5.877041357445252601e+01
1.425490040299496641e+01 1.141571271424156464e+01 2.342632834029640776e+01 1.186011293693044522e+01 2.569400045589134152e+01 6.917344057326940288e+01
3.850669762467713753e+01 3.424363696172932237e+01 2.064785425072903990e+01 3.171445140942678620e+01 2.094449247677153458e+00 3.409373104523837839e+01
2.870981868189595687e+01 1.389525573006000769e+01 1.713844170393894117e+01 2.174905563013872367e+01 6.376292354956484587e+01 4.543550860985903483e+01
