2.201265252844769549e+01 7.306014901722875265e+01 1.444508865419534160e+01 5.318432948998224674e+01 5.833331800793330046e+01 7.567655095925103126e+01
2.599521467816854425e+01 6.560659669832863017e+01 1.355357387985276052e+00 6.536158330545572426e+01 8.692976712466652600e+01 8.583269156830878899e+01
3.057062914914451035e+00 9.439853188719125043e+00 5.724081161614456903e+01 5.674182634668460423e+01 1.922273392953715287e+01 2.026895409073058829e+01
2.862566020126400446e+01 4.412623519089801505e+01 6.679358386789023427e+01 1.407541031094341832e+01 5.977710220415918485e+00 2.318053760234102967e+01
9.388730570185343183e+00 5.735071552573355547e+01 5.036837974443805876e+01 3.154971714782458747e+01 4.254820706334799496e+01 2.664201083406084081e+01
2.513462504298317413e+01 2.833966365572752011e+01 5.239016024377185943e+01 2.488272144653269891e+01 9.725928908751194513e+01 4.784809307297530268e+01
3.183347758945920347e+01 6.285634023803118708e+01 3.932098133468758050e+01 5.538617650081783239e+01 2.871639241750604299e+01 8.343147079200620908e+01
1.211102804648798781e+01 7.941325513906232914e+01 8.904700245359872923e+00 5.821028019445514623e+00 3.243916304691118313e+01 6.283780594223559035e+01
5.548219805987635034e-02 5.249494915221478664e+01 5.227938347775365813e+00 4.722339285369494633e+01 7.997990761973625240e+01 4.119796781282983034e+01
7.011271080291679425e+01 7.797797206662417580e+01 1.403976414771655179e+01 7.237465992615449295e+01 1.602450708114198319e+00 3.113152990812167431e+01
5.490326883995564344e+01 5.022242538342304385e+01 2.806974157792932445e+01 9.300517489012413819e+00 6.366087218282524418e+01 6.550000328592159349e+01
6.721795533278591961e+01 3.148386726198617591e+00 7.480050010656987070e+01 1.020444161602642552e+01 2.666454165355419192e+01 9.061158802522911060e+01
6.684545116551926469e+01 6.130461647790450996e+00 7.326720820708560566e+00 6.954181800158355031e+01 5.281490693891519328e+01 9.806558277487623343e+01
5.310275317444975940e+01 4.191975925413193238e+01 6.967352759864544964e+01 4.003985632172629749e+01 8.133062464977540174e+01 5.194606622992093747e+01
3.582840571610899083e+00 1.758916375806941801e+01 7.692751040738724555e+01 3.428322038145581274e+01 5.130102111163957801e+01 4.566627949142385035e+01
5.057398528413014560e+01 4.537050959764915348e+01 1.178477404562933550e+01 6.561946271108960005e+00 6.838840958502652256e+01 1.573785862167175154e+01
1.004081662623404370e+01 3.021867582348868808e+01 5.536122147624021750e+01 5.031764863916954766e+01 6.183057238800817856e+01 2.508285907184463071e+01
4.470284803265126072e+01 6.146487456467031052e+01 2.571069541810480530e+01 1.784318343858950229e+01 3.811700769605425876e+01 1.960486899762049617e+01
6.298871019405986971e+01 2.513304706346514195e+01 7.559250844661841029e+01 4.918776963356123844e+01 3.403138976398128790e+00 9.467351325580133903e+01
1.921983376172678959e+01 3.063335715531439973e+01 4.602519405272189346e+01 1.181764775267497392e+01 4.587565596572024162e+01 6.659532300341147959e+01
3.629962052148050589e+01 2.663082702052316009e+01 7.144686428746545914e+01 7.595053429823552449e+01 8.433863768502278901e+01 1.751440626014243307e+01
5.878633878088805886e+01 1.417098140415906116e+01 3.040368471642752723e+01 6.803578676362293720e+01 6.491606658835881660e+01 7.822864034398990896e+01
3.818278791533206373e+01 3.418712771128050321e+01 6.169044965836555150e+01 7.962445706509495835e+01 4.605308174295421964e+01 7.627253428783387790e+01
7.995410003469846316e+00 2.388497160073725922e+01 5.919393382528122061e+01 1.994938234265798371e+01 2.109807033564842627e+01 2.597277628179956110e+00
7.232034828260108839e+01 4.954118170955191403e+01 4.116094602529867075e+01 2.175098687904393646e+00 9.987498168860970083e+00 2.880219075919823268e+01
1.772837037559925477e+01 5.879216457713759070e+01 6.506563070888682887e+01 2.692092755574258689e+01 7.582524997182052573e+01 9.704584634362596773e+01
7.926112834082061909e+01 1.068984268480582145e+01 4.412086425248070043e+01 7.472977902738902856e+01 1.580235748002348295e+01 8.955587379505462309e+01
4.261908881145761541e+01 7.059414029784190348e+01 1.969642934027403669e+01 6.238548921670569314e+01 8.976305204889277434e+01 1.223156107470981624e+01
2.896866956780521107e+01 4.136610919439831946e+01 2.944668736802118758e+01 3.741296562489129229e+01 3.423023222106426289e+01 9.322999054614655279e+01
5.975266404283320298e+01 6.823681097919134686e+01 4.191355874242840684e+01 3.353922606353072045e+00 8.224006059257409618e+01 7.187123900513212504e+01
4.820385776699087188e+00 6.902840720451779077e+01 2.048021018255034686e+00 3.272268799437199505e+01 1.622730874985215266e+01 5.288001155790317398e+01
7.788477755086243803e+01 1.589239795089366147e+01 1.667408267947630307e+01 1.592679826373840690e+01 5.578102054789433595e+01 1.086031821080567816e+01
5.188849067933945491e+01 2.103291708465643950e+01 3.488041709421165848e+01 4.404536385828553557e-01 2.280662281486942078e+01 7.204672505385522641e+01
6.522099452568168942e+01 7.573237680014406692e+01 3.778466717739162206e+00 3.908105612577698906e+01 7.749389471509537941e+01 5.785393931693659653e+01
7.400956757252146190e+01 4.790609085818174684e+00 1.875460757924863486e+01 4.299530086958340291e+01 6.674206814076485728e+01 3.551568553385668281e+01
4.658029436094130915e+01 1.182840545131325882e+01 2.204128830443033848e+01 2.202673127326459124e+01 4.105534943329573139e+01 6.863936758360321733e+01
4.540440680601851398e+01 5.352881247433820278e+01 1.101936464339565092e+01 2.874249050116246096e+01 9.310820147657858570e+01 3.968201709661752119e+01
1.417076359307606737e+01 1.822976659535950716e+01 2.404937839910721209e+01 4.573410883358803858e+01 5.667804856868675500e+01 4.920895153724638504e+01
7.084752283271343742e+01 3.837002808151378730e+01 4.904791394420642092e+01 3.554641056037490188e+01 6.679763433114435323e+00 1.594005956696599169e+00
1.566786671552891619e+01 2.987006064414412521e-01 2.379917379559655899e+01 5.952074585675628526e+01 1.379936095257200179e+01 5.542362720818670851e+01
4.049682569532934906e+01 3.276147337076177024e+01 3.745467662286097976e+01 2.886101247156996408e+01 3.074457152233379276e+01 9.512893334490780006e+00
3.850250039969085947e+01 6.015053784662249825e+01 6.028828896168556639e+01 7.128915961942530544e+01 3.791411833692768596e+01 3.642927866879658438e+01
5.649688352886370524e+01 6.463848411305721697e+01 6.825802859998974270e+01 4.338409135435736630e+01 7.335197020956030656e+01 5.982431813874234194e+01
1.758415352573877755e+01 3.940802595037909839e+01 7.262348699952673314e+01 7.764773958745975335e+01 9.182173891982570524e+01 7.397187723947408422e+00
7.605670560774049704e+01 5.501735193717017580e+01 7.896701993393621422e+01 6.300178644886442214e+01 9.810538349425681304e+01 6.169124992001290053e+01
3.486538411473964061e+01 3.547430758488052049e+01 4.712132538569707663e+01 2.286240750934549837e+01 7.009825764434258133e+01 8.758249023562329683e+01
2.385113508066510946e+01 7.363809432543520472e+01 3.272332996880514600e+01 5.230827544133724416e+01 4.922613421230693831e+01 8.147180851970703941e+01
6.092166962202939828e+01 4.755388711254192202e+01 3.662351707954157831e+01 5.827524282245864384e+01 1.046017816840301684e+01 5.131209656897032012e+00
4.815854557256069768e+01 7.103137468083360773e+00 5.432816759324956735e+01 1.713543839869970142e+01 2.541814604760731910e+01 4.310008614023145412e+01
3.204755655920499180e+01 1.932437183885471654e+01 6.373965855483805854e+01 6.641182038613848704e+01 9.489378755817720901e+01 3.299197919155214720e+01
