6.324909110858715877e+01 3.022186315259006406e+01 5.832252859389409849e+01 4.783061505644723610e+01
7.760602749123418675e+01 6.695145687723572792e+01 3.745819058312948613e+01 5.594466548748451373e+01
7.571232947730828755e+01 6.767087776551963429e+01 5.784999891236468272e+01 1.655174311243767349e+01
7.096131837634170836e+01 6.858648431423686986e+01 3.481844931419477263e+01 1.375295728346901214e+01
2.897866321475405371e+01 3.203232715034098277e+01 1.786432904229048546e+01 3.602653767051889222e+00
1.855177608158697211e+01 6.323391838979276258e+00 3.114411576552194205e+01 2.024372688951330801e+01
3.004310296799262314e+00 1.871404032001879614e+01 4.808512621565898115e+01 2.101542061729470134e+01
2.486907745476429454e+01 2.197508999064111634e+01 1.767027852968702817e+01 6.906843107271763316e+00
6.521645724787967424e+01 4.297204003326339716e+01 3.785468739355673051e+01 4.208176433549052575e+01
3.957534957335408876e+01 7.490616499630877456e+01 1.118320118228011850e+01 7.332896817097260111e+01
5.137832168507245711e+01 5.575989201611120194e+01 5.533358258353608505e+01 7.669771668913713825e+01
2.665524057224363474e+01 9.575533296161296448e+00 3.298742824590467393e+01 6.740616116605005459e+01
5.795089741630044244e+01 4.704402786157007199e+01 1.013840612714774814e+01 3.727242561502674079e+01
6.132904023062094367e+00 3.741133181641396277e+01 6.825266117772720520e+01 1.014338428864397557e+01
3.877717930434393878e+01 1.356228251936855678e+01 4.315125178531260985e+01 2.159288762794266958e+01
3.803511698407526609e+01 7.554364731006394607e+01 1.837353794022081033e+01 4.284641272999994044e+01
5.806412569028478998e+01 3.581007238293777650e+00 5.917667621775225228e+01 1.234212680863382339e+01
3.044975002018566101e+01 2.228961086422969018e+01 3.134689060572058850e+01 6.292126261676016696e+01
5.590431246529485065e+01 5.175898722428868837e+01 6.291220244472226142e+01 6.507213920077710156e+01
1.286642406288405382e+01 6.183879363095091719e+01 3.129973806414105830e+00 1.483813877119932023e+01
4.859656012384942159e+01 6.827458335068517670e+01 8.027396667444195089e+01 1.559111601631547295e+01
3.562220936094350066e+01 2.650097066375661825e+01 1.673305428131146755e+01 7.151729715017103217e+01
6.779601504367025200e+01 6.507750559466263951e+01 1.236245111082178560e+01 3.759221231751214276e+01
4.222946284284192586e+01 6.013597575798954864e+01 3.671950495538022352e+01 7.386700007825025693e+01
7.284268721503133293e+01 3.650263268485405632e+01 7.364619024278799486e+01 2.014476851797659762e+01
2.385272691694879299e+01 4.550945507458383332e+00 4.817358736608348835e+01 4.597904610008138349e+01
4.414186035225883842e+01 6.152665899559313090e+01 1.099670031181874563e+01 6.578744612906213263e+01
6.516564323128073966e+01 1.738652128555507659e+01 3.038816916536679003e+01 2.537472389860308652e+01
7.502564347364528707e+00 1.347552410158672309e+01 2.161662051185385636e+01 5.718279396412908255e+01
5.917558825355435914e+01 4.165513123029834475e+01 6.719186660723401872e+01 6.465454264275493301e+01
2.093969528128283741e+01 5.642804685495528716e+00 5.359663469740170427e+01 2.754810149544413633e+01
1.578061319869444645e+01 3.698929053080725993e+01 4.632989821435247535e+01 4.512827221717209625e+01
5.229603378769409261e+01 5.238534059946179866e+01 7.740365787652048368e+01 3.017931788058535147e+01
6.408702579907306074e+01 2.400196471876273208e+01 6.625338831552367935e+01 1.964576021462085542e+00
5.254022692573519748e+01 4.293195011597291000e+01 6.238852522540500445e+01 4.986130754364149986e+00
1.593317597322067414e+01 7.056931903500456826e+01 7.113531040643114522e+01 3.497376793485606328e+01
5.294458748050391961e+01 4.727087942853847835e+01 4.113536179968526341e+01 2.892757758434919779e+01
2.342070571617561470e+01 5.254659220402613329e+01 5.871533430830888989e+01 3.735663946287684212e+01
4.597243924745230714e+01 3.100345826809364169e+01 2.116442926537439462e+01 5.368863122313952374e+01
2.518001895388632150e+01 7.583657590200364496e+01 2.235954763812622659e+01 5.202359714927838041e+01
5.261459066189265066e+00 3.472213927885427154e+01 2.215554121071839688e+01 7.799810238791719996e+01
6.953854097050921723e+01 9.858397971499153201e+00 5.242535260232803296e+01 5.794576650853502287e+01
3.302857120704218374e+01 1.262508184263883493e+01 5.089836168645252457e+01 5.495152999523748605e+01
7.161338223439302908e+01 1.504157241729625483e+01 1.460612305498467212e+00 2.150766804201461468e+01
1.103982992047470724e+01 5.728099745409346610e+01 2.814110860651966206e+01 3.237175707330522556e+01
1.010789714550299756e+01 2.125668691734014004e+01 3.100178172974075963e+01 4.490967704708864972e+01
8.461236023880776003e+00 2.782227135231725867e+01 3.981778497555089835e+00 5.243840737164679666e+01
1.804640842283386704e+01 5.660903542166496294e+01 1.272098386284934612e+01 1.110075175649618018e+01
3.385727635876683905e+01 5.012276728650589774e+01 7.512934569065278367e+01 5.773462023316520941e+01
4.166355046151775809e+01 4.043943349532198539e+01 4.523693175246294373e+01 6.245627489287563350e+01
