-4.497379245071773946e-02 3.441181723470727177e-02 2.505527464272706145e-02
-5.826311792622537039e-02 1.930861034841954357e-02 4.944329602751765251e-02
-3.352479210564509454e-02 3.793531790179548169e-02 -3.023619504321668761e-02
3.537368128259159306e-02 -2.019290539261867426e-02 4.042146871492244276e-02
-5.849664251095301748e-02 6.248224418747201636e-02 1.724578736133729195e-02
2.853649331735254660e-02 2.107845149710725965e-02 -1.580316329883696413e-02
-3.600811798667350599e-02 2.740657434066785456e-02 -2.287448395802558349e-02
-1.762295222572856854e-02 1.054683069732635474e-02 1.285567531544000094e-02
4.290046047373301946e-03 2.006337045532062460e-03 2.084910542779918469e-02
-6.249775311374388895e-03 -5.165140313352995817e-03 1.054279997716525280e-01
-1.997766904360788812e-02 -8.358743432684121247e-03 -3.091959840833500422e-02
-3.295114348173079633e-02 -8.971359251697961015e-03 2.724004644978820708e-02
-4.543642270551169482e-02 -1.303315137468360162e-02 -4.875173543850953861e-03
-7.361072701859630585e-02 -1.813797831105877154e-02 2.345863201128465386e-02
-3.241076825569799008e-03 2.885264987093826353e-02 -1.930535921956129733e-02
4.387966131764164945e-02 2.239134279402727953e-02 -4.381767642334213203e-02
6.121058264332273485e-03 2.719740277565159403e-02 1.477475620367611417e-02
1.425233700785299810e-02 2.060150799299070162e-02 3.882759058843301709e-03
-1.794203995366664903e-02 -9.368574929436466331e-03 -3.558856316642765305e-02
3.456597819797119220e-02 -1.438281579316520731e-02 3.158782012586856813e-02
2.436372968696633341e-03 2.765908275545081799e-02 -7.281288373023921123e-03
3.914830969704817532e-02 -2.102455469760784127e-03 -3.199866838229413479e-02
-1.446653435014183878e-02 2.374035902846094101e-02 2.491145131159998305e-02
-8.552213199967413637e-03 -5.033522879208703754e-02 3.633723334630054036e-02
-5.750190024871849187e-02 -2.091740932535581660e-02 3.508662156894363365e-02
3.973317292098576398e-02 -1.672100339698237223e-02 -1.601865118531011628e-02
1.505362674851156747e-02 4.428706330180984946e-02 -1.068276717577893407e-02
-1.049761079051544227e-02 -4.029957371045945515e-03 -3.948298646948729222e-03
-1.857696363345632401e-02 -1.278139718972711759e-02 -3.686065277302082860e-02
-8.651590968212061541e-03 -5.787739947599132573e-02 3.943370966872827843e-02
