6.082043407567958582e-01 9.921979035111833101e-02 7.160352317589463444e-01
1.362613917040044476e-01 7.691131907644214172e-01 2.581633552977405724e-02
7.057114078347901387e-01 3.373450097544382076e-01 4.581672395111137663e-01
4.537530090845623976e-01 5.212206082989837563e-01 4.249912132658631436e-01
4.325913333882843159e-01 4.453730463054339506e-01 6.790395778090559942e-01
4.497290059974941578e-01 3.750531935956218366e-01 3.970838247972863222e-01
7.985526205771426023e-01 6.712693351462524216e-01 7.320549139056647947e-01
4.328381769939871893e-01 7.248841886656422207e-02 6.490059523849582845e-01
8.176238873492155390e-01 5.446631988891094123e-01 -3.039642682262783113e-04
9.867274806083007332e-01 2.257260012181832032e-01 5.063795380460883733e-01
8.556012258328025144e-01 3.437632542600008723e-01 9.510827418210946460e-01
5.664802545967195790e-01 6.082581635577199997e-01 8.735776647058360322e-02
8.307260686205392153e-01 6.228070582704402502e-01 9.032527944450139401e-01
4.805548680642622306e-01 7.354661847799635055e-01 4.782048488633007799e-01
1.619856156298336014e-01 4.576340812793421864e-01 5.836122011034317048e-01
4.934950953591776268e-01 4.876029151526900529e-01 6.571693330934886834e-01
1.898056523907470095e-01 4.479182719956797953e-01 7.572569180433857960e-01
7.816880132003999337e-01 2.601520567244205440e-01 1.972653240835605670e-01
9.216808710300790353e-02 1.713325659823243530e-01 8.150507494722515345e-01
7.843946167742569253e-01 1.804345539989585245e-01 5.426419796326154010e-01
1.585311646603878855e-01 2.324935378876328562e-01 3.135601749533906690e-01
4.180963084447708589e-01 8.775633093558378173e-01 5.909031436088442168e-01
3.686808727922429307e-01 3.941011542993042571e-01 1.566893528541574987e-01
9.142962776809504533e-01 6.333784190747449028e-01 8.477819209078455431e-01
5.912208609071111232e-01 8.052857745318423577e-01 7.295558630437146141e-02
9.321185076671766323e-01 -7.337039285813126699e-03 3.057528162733495480e-01
2.736894505869075234e-01 3.606517066844747155e-01 6.785263801623402369e-01
2.425734296496808440e-01 6.697205388283704597e-01 5.959787301692500705e-01
3.395070491967131510e-01 8.517171160012502185e-01 1.841253817654894542e-01
7.633691140949779852e-01 4.469116330990154373e-01 5.637530406459123622e-01
8.581477955202011509e-01 5.496119331141157138e-01 8.839297820108675818e-01
5.007000711820388389e-03 3.122586007346601633e-01 9.453948594795187343e-01
4.820634614646824856e-01 5.947911155408346362e-01 3.681540111465759213e-01
8.276346970002649295e-01 -5.159818466184304397e-02 7.386035335437259874e-01
2.686309609104151064e-01 7.405817799627506526e-01 3.520957403657259399e-01
5.942655561594374358e-01 8.845754234719944709e-01 8.396539980011200610e-01
3.226035459315252929e-01 1.932579871299275887e-01 1.306287825245895998e-02
5.093600033383026693e-01 8.637454872402546835e-01 3.295787265042638414e-01
8.745977578626037419e-01 6.477293902163973049e-01 7.995982405840398322e-01
4.758941694770181530e-02 5.744725340464315044e-01 4.552420172860667524e-02
7.255983049296523824e-01 7.592164726424490695e-01 5.544691799890961725e-01
6.870568309288882514e-01 7.906377898781923319e-01 5.685398483926511481e-01
6.589262330946047408e-01 1.379574073602525819e-01 1.558830147098778096e-01
7.817115616605938566e-01 6.972873296905457430e-02 1.586904508887083121e-01
4.471418732896396131e-01 8.180485821637025756e-01 5.708307640295470220e-01
7.937348258199738993e-01 1.598822506390333020e-01 8.655106076216257938e-01
5.082837367922615757e-01 3.075830974259476935e-01 9.320350883981036727e-01
1.381987024197215697e-01 1.982320436607847847e-01 8.606568597361441419e-01
6.145468582256550238e-01 7.858251316368201067e-01 1.563243039450384897e-01
3.203785997931987706e-01 1.770674541613264652e-01 9.146403189975400583e-01
5.674533324233997922e-01 5.268128614704986612e-01 1.963638561717765685e-01
7.901922156380866147e-01 1.362154563674969898e-01 5.539006119375983195e-01
1.907255566000862768e-01 1.227948272207978475e-01 5.532708159469469367e-01
8.238715784921317731e-01 6.120016415165616674e-01 2.925219164449937015e-01
7.073939161373935525e-01 7.377418567513109871e-01 4.347271212160687681e-01
4.963707161831867332e-01 5.096854106780665528e-03 6.077253076366144757e-01
8.749254159341671722e-01 5.761744504712427162e-01 4.235524083678650076e-01
7.436270719434409093e-01 8.573321455131061031e-02 4.454729219356552694e-02
9.785495207928712746e-01 6.985977592408160186e-01 8.929963975300083678e-01
2.245910177721454903e-01 1.953790134272987977e-01 8.797589777513847853e-01
1.490099587738618614e-01 1.473745767846877663e-01 1.516155028088467596e-02
4.703335299248587731e-01 3.796712687912003892e-01 2.752869113030438353e-01
2.067604275261498981e-01 3.910940339419685108e-01 2.167024493774028227e-01
6.587618908406162044e-01 8.810481341764193619e-01 2.856625237212748192e-01
5.544076523406454848e-02 8.606721438445440464e-01 2.597211643127745329e-01
1.381839668423693324e-01 1.229528676693228822e-01 2.353722370403835973e-01
1.022004963623016183e+00 7.790208583247568708e-01 5.279923543885995940e-01
5.880138643304183566e-01 2.071495969994501807e-01 7.593780425609170104e-01
7.782545862728342811e-01 1.936523257703133272e-01 7.791251127408229671e-01
6.071046320899063931e-01 3.481086877495901399e-01 3.990433610912454965e-01
-2.045867012382929576e-02 8.529983762438951844e-01 1.849729130706345981e-01
4.639712604642712290e-01 1.510596256387566894e-01 7.835840623774183999e-01
8.176716416927568565e-01 7.406452142222333945e-01 5.360609113645206092e-01
1.001431918181093783e+00 5.173440277473607685e-01 5.572321461673300780e-01
3.705537702198197780e-01 2.931993068434270988e-01 1.426930119342680325e-01
1.207368411204010478e-01 6.831767769416805525e-01 3.909812807821368419e-01
3.998593386160267937e-02 3.743916909691384909e-01 7.662971208225989317e-01
5.061505712137288615e-01 4.056586418802466953e-01 8.523371695683162885e-01
2.053740101656017225e-01 9.069179681645287427e-01 1.521539445776055877e-02
2.552366942657039450e-01 4.355284319462958131e-01 7.294285892230071289e-01
5.335400155429250724e-01 4.499457396901753170e-01 3.347408248469446179e-01
4.345674851274189954e-01 7.272899863585717828e-01 4.007131177345775175e-01
4.757184953429813845e-01 9.556891061400915044e-01 3.377890251910624642e-01
9.123298714301913970e-01 4.894726736225961661e-01 1.996686654040310815e-01
1.027040670641428677e-01 5.640205738154175918e-01 7.590735585354848602e-01
3.037360663525610627e-01 4.965058116414679257e-02 2.655858507503424115e-01
8.368018945226611827e-01 3.879638209543672667e-01 3.831356923848401874e-01
6.941297790574919579e-01 8.181857042443190231e-01 1.276150089450254488e-01
4.923065322355322238e-01 8.501214694458445464e-01 9.573517725303440362e-02
2.640490019024850366e-01 8.832830193969023469e-01 2.233177612694416947e-01
3.135379652535444372e-01 2.244173222436574300e-01 2.987063539775196563e-01
4.027045916524543689e-02 7.727420163509782780e-01 4.506217641971556609e-01
4.601577554308042828e-01 9.344542052675949284e-01 4.655399050385657933e-01
8.285382582247343697e-01 7.557013257478156776e-01 6.319645828495102924e-01
8.907200131053626402e-01 4.639954205931888231e-01 5.334570436183888598e-01
9.794874743764285518e-02 5.648999888473505981e-01 8.921631530508961072e-01
1.412231813553399273e-01 4.789365718201780142e-01 5.463001953622390605e-01
8.807836725412833134e-01 3.122992749907776422e-01 7.715356290695678521e-01
8.204435508578720171e-01 5.826758351692649107e-01 3.247832056941334367e-01
7.663453224304238587e-01 8.884927154325682475e-01 3.985326324375912943e-01
3.046477173041045594e-01 8.928151717781598329e-01 2.813332292400732570e-01
5.965473100595906214e-02 4.106743744125819218e-01 9.122254200425114479e-02
8.696407024053003088e-02 1.010854362953544694e+00 6.076048415435283401e-01
6.253225126058920003e-01 4.944229627900580404e-01 3.792706241944293066e-01
1.818184395666339603e-01 2.734773338331704107e-01 2.075375631275540311e-01
5.097975516834225562e-01 5.849321250516250625e-01 2.413638830385346212e-01
3.432610362210709587e-01 3.519817800539922215e-01 4.153181881506599060e-01
8.294296999630096368e-01 5.067083721141107944e-02 7.539160006373211154e-01
1.599918776632904827e-01 3.590798454602979195e-01 3.007352569069045578e-01
4.219727517406144379e-01 9.234709519637798736e-02 6.386295216121500307e-01
5.258101798247997172e-01 8.017456973423997546e-01 5.834989201173990114e-01
3.721528129665143680e-01 4.761241428588317004e-01 3.434280297649459635e-01
5.653409690892725603e-01 5.437657003264628752e-01 8.290632269115546515e-01
9.940038262589716567e-01 5.007149786490123766e-01 7.330125338254098732e-01
6.377324123783122412e-01 8.845982956500462180e-01 3.743832309414238391e-01
9.111434765874921737e-01 2.630321385101215270e-01 9.211098870989517517e-02
1.550870346923803322e-01 9.308551110979761400e-01 5.828003013513107788e-01
2.225303730846459882e-01 5.876098123225909076e-01 5.387108152291614216e-01
6.086092370110559591e-01 1.325628484440161126e-01 6.660440062314086918e-01
1.200319380757983445e-01 3.055431759925288371e-01 2.895236831891769280e-01
6.181865178618434209e-01 7.814772122315433167e-02 3.102121162187860409e-02
3.281974025950974427e-01 1.001026069838653942e+00 2.036646236220910622e-01
2.103611606891859775e-01 8.812726607506408127e-01 6.445491247933649026e-01
3.346541929993811504e-01 2.771653991670116057e-01 2.858658988253147681e-01
9.182271980420632085e-01 6.860884078471476410e-01 6.513783562179638054e-01
1.787295165716225320e-01 6.477604899297284557e-01 4.342931854009071668e-02
4.450739586899177258e-01 6.433657530356979848e-01 4.639464728297295615e-01
3.623831412341266267e-01 6.237782811774943426e-01 6.180518238041381868e-02
6.446005601638299387e-01 1.100937189342788697e-01 3.581733257995957098e-01
2.475208175103693065e-01 6.694173639820107935e-01 7.699804967759859009e-01
2.249275042884689157e-01 8.006502513631869045e-02 2.412443750634484241e-01
1.194171691035388477e-01 9.367474813629680375e-01 6.795890256701703214e-01
7.229400126113884051e-01 4.596379978520053755e-01 3.046972629694663093e-01
2.642224764003404947e-02 6.060857149875465977e-01 6.234756515112833686e-01
4.765861941081485642e-01 2.845647581176944385e-01 7.383774049717400922e-01
5.973935480653620456e-01 1.454718616897909822e-01 7.235822078534031032e-01
9.459841028672889562e-01 8.736413851224567040e-01 6.848623443187095150e-01
9.765867512439532216e-01 8.570314139723267388e-01 3.082752573526597595e-01
1.231584259636517645e-02 1.315227410815271170e-01 3.446138551394390959e-01
6.877995340778233491e-01 1.639404368261336564e-01 3.885940164136993946e-01
7.789333629679803805e-02 2.044326958723565735e-01 1.177970992230824299e-01
8.267716777041952403e-01 3.054846126418818697e-01 2.030997647517336913e-01
8.526901043635286559e-01 -3.599395465867964716e-02 3.928413711245801743e-01
4.883033932637859675e-01 8.922364137919526206e-01 6.841944904395654004e-02
1.060375762516194004e-01 2.125556653664743278e-01 9.121687749939328960e-01
3.623382280397506872e-01 5.833738790570819344e-01 1.486565407621934926e-02
7.209190873119921683e-01 2.717738548764699336e-01 4.737185806048198611e-01
1.156079586570304407e-01 2.767440394082825161e-01 8.219754702443208272e-01
3.609462118918134177e-01 3.290483699885383140e-01 8.242423059213841441e-01
9.941018217711327098e-01 7.391547519441032943e-01 1.133525831989232596e-01
7.176146496976240075e-01 5.256672760744404149e-01 6.052648204954809152e-01
6.068141530090200852e-01 1.372466780260643837e-01 9.657114601015037714e-02
8.895078101346132193e-01 1.099469212049363764e-01 6.069691216473419582e-01
9.305988800357414825e-02 5.950016780864759713e-01 7.820946127045967922e-01
7.018909273693971773e-01 1.930302294914855166e-01 7.136398897397647767e-01
1.802672787265962306e-01 9.402767846903307136e-01 9.987007942818393325e-01
1.533885275777662760e-01 2.628557865340204192e-01 6.775212680349304017e-01
-4.699279710474009442e-02 7.981156018017207532e-02 9.038114890992641204e-01
6.677847426634311301e-01 1.494817755860324282e-01 5.588393712385169021e-01
3.478626638141717464e-01 6.238477128553693296e-02 2.239307657129708390e-02
7.234271044919287075e-01 2.908677025249704062e-01 1.158449950911065729e-01
3.997510886788138706e-02 5.144471781449626580e-01 9.866959590318466478e-02
8.849332299771386356e-01 7.776130292216139051e-01 3.190825995123588443e-01
2.414932190833884995e-01 4.812423014923308262e-01 6.360263212461164661e-01
2.483648569913466109e-01 6.150509096093917938e-01 5.699558067954267893e-01
4.730891752791470672e-01 4.074418593468564498e-01 7.421049207043748375e-01
5.471897766210483960e-01 1.885908766006691994e-01 1.832673986618562068e-01
1.908557488982075834e-01 1.695034674793873819e-01 2.251930533040048255e-01
3.534721250988877572e-01 4.570966965202433729e-01 3.563506518595382228e-02
8.612901862391909580e-01 3.856413272248516155e-01 4.919167811766878562e-01
8.907499080888752196e-01 6.442387379943647074e-01 6.212288266537738801e-01
4.143432702106404353e-01 5.863995337572934785e-01 5.154472590663746745e-01
8.366574768571433118e-01 3.697811268641366111e-01 1.397318868894808774e-01
7.440045529822681969e-01 7.006991299776323956e-01 5.379877492371790693e-01
4.095225873062279254e-01 6.352415572046178349e-01 5.149563794774882769e-02
6.086524040855793016e-01 3.838296363974558756e-01 4.916402779444084548e-02
1.143831651554858830e-01 8.185365403160047570e-01 8.716990830623749797e-02
3.572091454097812147e-01 8.875258228385147774e-01 2.384193340480991463e-01
9.879535198997657641e-01 5.639367218856895791e-02 5.365017222930376084e-01
9.949392081173433211e-02 6.328790898552424937e-02 3.387497488062407580e-01
6.396178210563937538e-01 8.559919502915227518e-01 4.959580109835570183e-01
4.786133935551054736e-02 3.495988557391544460e-01 4.937948483902937502e-02
5.296984139086075016e-01 2.764974856220520083e-01 8.119583732401676190e-01
6.530703856164373766e-01 3.129812687634342394e-01 4.616135623666415833e-01
3.925027023667438386e-01 7.451462110173862063e-01 1.812902395334095862e-01
7.193164085776253547e-01 7.699317160500426249e-01 4.292549366355795093e-01
2.430614062976387824e-01 8.036755829593100753e-01 3.952173144093390489e-01
6.390349465521919514e-01 7.740575687893189727e-01 7.303062401755872068e-01
7.290532705667946978e-01 2.645043499909648793e-02 7.697666666715697881e-01
6.999206313314333405e-01 7.260013330910102258e-01 2.908187380241881170e-01
3.693442753859073613e-01 7.296683208575023283e-01 8.548863971425089137e-01
-2.573154417078310843e-02 7.633462528037357475e-02 6.156014195824970336e-01
7.078213495149542345e-01 2.811039648285141301e-01 8.277761518952273523e-01
2.223459722121724491e-01 4.781666726584746785e-01 9.362425041219868405e-01
9.564397020364117097e-01 6.826910142048783214e-01 5.932122262598793494e-01
5.245354838273872389e-01 5.661224393953268041e-01 8.610630421947127466e-01
1.072387205081535982e-01 5.779095477671862824e-01 8.374734163346799765e-01
7.470936085507478008e-01 2.262079475389388306e-01 4.299906026258143998e-01
5.607590848895261937e-01 8.667877136889159395e-01 8.715174054349632549e-01
4.489457791630767081e-01 6.938212102139296178e-01 4.780627960131773602e-01
