2.370934398419586486e+01 1.978847397707644618e+01 2.520047779949253552e+01 2.534628909841019961e+01
2.068428007060779006e+00 1.769598659322640444e+01 6.007112514099286038e+00 2.630098878675272367e+00
3.465582720486219515e+00 1.629236562378540043e+01 7.034079208124236260e+00 1.308688724117744862e+01
7.332735514627352735e+00 8.643827110949333203e+00 1.135513199989615885e+01 2.176990770371623896e+01
1.136837291919337467e+01 1.225479092889772659e+01 5.939527095088107167e+00 4.909229630916454923e+00
1.542836080225239392e+01 2.797287425448292897e+00 2.176266611584254207e+01 1.373801094537085987e+01
2.127337197842022931e+01 4.355870077848052802e+00 1.189707395806451906e+01 9.084746950073622429e+00
2.670311075238297249e+01 2.448798722288543672e+01 1.350800642485333647e+01 1.795358637748414310e+01
1.259020564850097124e+01 1.341016727753523163e+01 2.421454253215712171e+01 2.566744574595422890e+01
1.653001734280779189e+01 1.812542306774476941e+01 1.106602812015946746e+01 1.091320423363261227e+01
